EwEVersion,"6.6.7.17812 (compiled 28/02/2022)"
Date,"26/02/2023 11:47:51 AM"
ModelName,CS_model_V1_110722
EcosimScenario,"New Ecosim scenario"
TimeSeries,(none)
StartYear,2020

Data,"Prey of Sponges"

timestep\group,Zooplankton,"Planktotrophic Larvae",Phytoplankton,Detritus,
1,0.0998956,0.0009980538,0.4994652,0.3996412
2,0.09989302,0.0009979748,0.4994553,0.3996537
3,0.09989147,0.0009979769,0.4994517,0.3996588
4,0.09988969,0.0009979893,0.4994487,0.3996636
5,0.09988797,0.0009980082,0.4994461,0.3996679
6,0.0998865,0.000998032,0.499444,0.3996715
7,0.09988536,0.0009980601,0.4994425,0.3996742
8,0.09988452,0.0009980907,0.499441,0.3996764
9,0.09988404,0.0009981226,0.4994399,0.399678
10,0.09988385,0.0009981551,0.4994387,0.3996793
11,0.09988392,0.0009981869,0.4994379,0.3996799
12,0.09988421,0.0009982169,0.4994372,0.3996803
13,0.09988475,0.0009982447,0.4994368,0.3996803
14,0.09988546,0.0009982701,0.4994364,0.3996799
15,0.09988632,0.0009982917,0.4994362,0.3996792
16,0.09988733,0.0009983096,0.4994362,0.3996781
17,0.09988847,0.0009983232,0.4994364,0.3996768
18,0.0998897,0.0009983325,0.4994367,0.3996752
19,0.09989105,0.0009983373,0.4994372,0.3996735
20,0.09989247,0.0009983378,0.4994377,0.3996715
21,0.09989398,0.0009983337,0.4994384,0.3996693
22,0.09989558,0.0009983254,0.499439,0.3996671
23,0.09989723,0.0009983133,0.4994397,0.3996648
24,0.09989893,0.0009982969,0.4994404,0.3996624
25,0.09990072,0.0009982776,0.4994412,0.3996598
26,0.09990256,0.0009982549,0.4994418,0.3996574
27,0.09990439,0.000998229,0.4994422,0.3996551
28,0.09990625,0.0009982013,0.4994428,0.3996528
29,0.09990807,0.0009981709,0.4994431,0.3996506
30,0.09990995,0.0009981397,0.4994433,0.3996485
31,0.09991178,0.000998107,0.4994434,0.3996468
32,0.09991354,0.0009980735,0.4994431,0.3996452
33,0.09991524,0.0009980402,0.4994429,0.3996439
34,0.09991682,0.0009980068,0.4994424,0.3996427
35,0.09991835,0.0009979744,0.4994419,0.3996418
36,0.09991971,0.0009979424,0.4994411,0.3996412
37,0.09992095,0.0009979123,0.4994403,0.3996408
38,0.09992206,0.0009978837,0.4994394,0.3996407
39,0.09992298,0.0009978573,0.4994381,0.399641
40,0.09992371,0.0009978336,0.4994371,0.3996414
41,0.09992425,0.0009978127,0.499436,0.399642
42,0.09992457,0.0009977948,0.4994347,0.3996429
43,0.09992462,0.0009977797,0.4994334,0.3996441
44,0.09992453,0.0009977688,0.4994324,0.3996452
45,0.09992418,0.0009977614,0.4994314,0.3996467
46,0.0999236,0.0009977574,0.4994304,0.3996483
47,0.09992278,0.0009977575,0.4994295,0.39965
48,0.09992177,0.0009977613,0.4994289,0.3996517
49,0.09992056,0.0009977692,0.4994282,0.3996534
50,0.09991915,0.0009977807,0.499428,0.3996551
51,0.09991758,0.0009977958,0.4994276,0.399657
52,0.09991583,0.0009978146,0.4994275,0.3996588
53,0.09991395,0.0009978364,0.4994275,0.3996606
54,0.09991197,0.0009978614,0.4994279,0.3996623
55,0.09990988,0.0009978894,0.4994283,0.399664
56,0.09990778,0.0009979197,0.4994287,0.3996656
57,0.09990562,0.0009979522,0.4994294,0.399667
58,0.09990347,0.0009979863,0.49943,0.3996685
59,0.0999013,0.0009980215,0.4994309,0.3996698
60,0.0998992,0.0009980577,0.4994316,0.3996711
61,0.09989718,0.0009980941,0.4994324,0.3996722
62,0.09989522,0.0009981305,0.4994332,0.3996734
63,0.09989345,0.0009981664,0.4994341,0.3996743
64,0.0998918,0.0009982012,0.4994349,0.3996752
65,0.09989032,0.0009982341,0.4994354,0.399676
66,0.09988903,0.0009982655,0.4994361,0.3996767
67,0.09988791,0.000998294,0.4994366,0.3996772
68,0.09988708,0.0009983199,0.4994369,0.3996777
69,0.09988645,0.0009983424,0.4994372,0.399678
70,0.09988603,0.0009983612,0.4994372,0.3996784
71,0.09988588,0.0009983765,0.4994372,0.3996786
72,0.09988597,0.0009983879,0.4994371,0.3996786
73,0.09988628,0.0009983949,0.4994368,0.3996786
74,0.09988683,0.0009983976,0.4994364,0.3996784
75,0.09988757,0.0009983957,0.4994358,0.3996782
76,0.09988859,0.0009983901,0.4994353,0.3996777
77,0.09988977,0.0009983798,0.4994348,0.3996771
78,0.09989114,0.0009983655,0.4994341,0.3996764
79,0.09989267,0.0009983472,0.4994333,0.3996756
80,0.09989436,0.0009983254,0.4994328,0.3996745
81,0.09989617,0.0009983005,0.4994322,0.3996733
82,0.09989808,0.0009982723,0.4994318,0.3996718
83,0.09990012,0.0009982418,0.4994314,0.3996702
84,0.09990212,0.0009982088,0.4994311,0.3996685
85,0.09990419,0.0009981744,0.499431,0.3996666
86,0.0999063,0.0009981394,0.4994313,0.3996643
87,0.09990838,0.0009981031,0.4994314,0.3996621
88,0.09991036,0.0009980669,0.4994318,0.3996598
89,0.09991231,0.000998031,0.4994324,0.3996572
90,0.09991416,0.000997996,0.4994332,0.3996546
91,0.09991592,0.0009979625,0.4994343,0.3996518
92,0.09991754,0.0009979308,0.4994354,0.3996491
93,0.09991896,0.0009979011,0.4994366,0.3996466
94,0.0999203,0.0009978743,0.499438,0.3996438
95,0.09992141,0.0009978502,0.4994394,0.3996413
96,0.09992238,0.0009978297,0.499441,0.3996388
97,0.09992317,0.0009978127,0.4994425,0.3996365
98,0.09992371,0.0009977991,0.4994441,0.3996345
99,0.09992407,0.0009977896,0.4994455,0.3996326
100,0.09992424,0.0009977836,0.4994468,0.3996311
101,0.09992415,0.0009977816,0.4994481,0.39963
102,0.09992392,0.0009977837,0.4994491,0.3996292
103,0.09992346,0.0009977896,0.4994501,0.3996287
104,0.09992275,0.0009977986,0.4994506,0.3996289
105,0.09992192,0.0009978114,0.4994511,0.3996291
106,0.09992088,0.0009978275,0.4994513,0.39963
107,0.09991968,0.0009978464,0.4994512,0.3996312
108,0.0999183,0.0009978678,0.4994508,0.399633
109,0.09991681,0.0009978916,0.4994503,0.399635
110,0.09991516,0.0009979175,0.4994494,0.3996375
111,0.0999134,0.0009979446,0.4994482,0.3996405
112,0.09991156,0.0009979734,0.499447,0.3996435
113,0.09990964,0.0009980028,0.4994453,0.399647
114,0.09990767,0.0009980329,0.4994436,0.3996507
115,0.09990565,0.000998063,0.4994418,0.3996546
116,0.09990358,0.000998093,0.4994398,0.3996585
117,0.09990156,0.0009981229,0.4994379,0.3996624
118,0.09989956,0.000998152,0.4994359,0.3996664
119,0.09989756,0.0009981798,0.4994339,0.3996703
120,0.09989564,0.0009982067,0.4994321,0.3996741
121,0.09989378,0.0009982313,0.4994303,0.3996776
122,0.09989201,0.0009982549,0.4994288,0.399681
123,0.09989039,0.0009982764,0.4994274,0.399684
124,0.09988888,0.0009982961,0.4994264,0.3996865
125,0.09988753,0.0009983137,0.4994256,0.3996886
126,0.09988632,0.0009983288,0.499425,0.3996904
127,0.09988528,0.0009983416,0.4994247,0.3996917
128,0.09988444,0.0009983521,0.4994247,0.3996925
129,0.09988381,0.0009983605,0.499425,0.3996929
130,0.09988339,0.0009983662,0.4994257,0.3996925
131,0.09988315,0.0009983694,0.4994265,0.399692
132,0.0998832,0.0009983705,0.4994278,0.3996907
133,0.09988344,0.0009983692,0.4994291,0.3996891
134,0.09988387,0.0009983652,0.4994307,0.3996871
135,0.09988455,0.0009983594,0.4994324,0.3996847
136,0.09988546,0.0009983515,0.4994343,0.3996819
137,0.09988652,0.0009983411,0.4994361,0.3996791
138,0.09988784,0.0009983287,0.4994378,0.399676
139,0.09988929,0.0009983139,0.4994397,0.3996727
140,0.09989093,0.0009982976,0.4994414,0.3996693
141,0.09989271,0.0009982792,0.499443,0.399666
142,0.09989466,0.0009982594,0.4994444,0.3996628
143,0.09989671,0.0009982376,0.4994456,0.3996595
144,0.09989883,0.0009982146,0.4994465,0.3996565
145,0.09990101,0.0009981898,0.499447,0.3996538
146,0.0999032,0.0009981643,0.4994473,0.3996513
147,0.0999054,0.0009981378,0.4994475,0.399649
148,0.09990758,0.0009981104,0.4994472,0.3996471
149,0.09990972,0.0009980827,0.4994466,0.3996456
150,0.09991177,0.0009980546,0.4994458,0.3996443
151,0.09991372,0.0009980267,0.4994447,0.3996436
152,0.0999155,0.0009979991,0.4994434,0.3996431
153,0.09991717,0.0009979721,0.499442,0.3996429
154,0.09991861,0.0009979459,0.4994403,0.3996432
155,0.09991983,0.0009979211,0.4994386,0.3996437
156,0.09992085,0.0009978983,0.4994368,0.3996445
157,0.09992164,0.0009978771,0.499435,0.3996454
158,0.09992218,0.0009978581,0.4994333,0.3996466
159,0.09992246,0.0009978423,0.4994317,0.399648
160,0.09992246,0.0009978291,0.4994304,0.3996494
161,0.0999222,0.0009978188,0.4994291,0.3996509
162,0.09992167,0.0009978125,0.4994281,0.3996525
163,0.09992088,0.0009978098,0.4994273,0.3996539
164,0.09991985,0.0009978111,0.499427,0.3996554
165,0.09991858,0.0009978162,0.4994269,0.3996567
166,0.0999171,0.0009978252,0.4994272,0.3996579
167,0.09991539,0.0009978381,0.4994276,0.3996591
168,0.09991353,0.0009978552,0.4994286,0.3996599
169,0.09991152,0.0009978765,0.4994299,0.3996607
170,0.09990939,0.0009979011,0.4994314,0.3996614
171,0.09990713,0.0009979291,0.499433,0.3996619
172,0.09990483,0.0009979602,0.499435,0.3996623
173,0.09990252,0.0009979946,0.4994371,0.3996624
174,0.09990018,0.0009980308,0.4994393,0.3996626
175,0.09989789,0.000998069,0.4994413,0.3996627
176,0.09989566,0.0009981084,0.4994434,0.3996628
177,0.09989356,0.0009981492,0.4994456,0.3996627
178,0.09989152,0.0009981896,0.4994474,0.3996629
179,0.09988964,0.0009982297,0.4994491,0.399663
180,0.09988797,0.0009982692,0.4994504,0.3996633
181,0.09988646,0.0009983068,0.4994516,0.3996636
182,0.0998852,0.0009983421,0.4994524,0.399664
183,0.09988413,0.0009983747,0.4994527,0.3996648
184,0.0998833,0.0009984041,0.4994529,0.3996655
185,0.09988274,0.0009984293,0.4994524,0.3996665
186,0.09988239,0.0009984504,0.4994515,0.3996677
187,0.09988229,0.0009984672,0.4994502,0.3996691
188,0.09988245,0.000998479,0.4994487,0.3996704
189,0.09988287,0.0009984858,0.4994468,0.3996719
190,0.09988349,0.0009984873,0.4994446,0.3996734
191,0.09988431,0.0009984835,0.4994422,0.3996751
192,0.09988533,0.0009984743,0.4994395,0.3996767
193,0.09988651,0.0009984598,0.4994367,0.3996783
194,0.09988789,0.000998441,0.4994339,0.3996797
195,0.0998894,0.0009984174,0.4994311,0.399681
196,0.09989104,0.0009983898,0.4994285,0.399682
197,0.09989275,0.0009983585,0.4994261,0.3996828
198,0.09989449,0.0009983238,0.4994239,0.3996833
199,0.09989632,0.0009982866,0.4994219,0.3996835
200,0.09989811,0.0009982474,0.4994204,0.3996832
201,0.09989998,0.0009982071,0.4994193,0.3996825
202,0.09990174,0.0009981658,0.4994186,0.3996815
203,0.0999035,0.0009981251,0.4994184,0.3996799
204,0.09990519,0.0009980845,0.4994188,0.3996779
205,0.09990679,0.0009980451,0.4994196,0.3996756
206,0.09990831,0.0009980081,0.4994209,0.3996728
207,0.09990971,0.0009979734,0.4994226,0.3996698
208,0.09991097,0.0009979415,0.4994248,0.3996662
209,0.0999121,0.0009979132,0.4994274,0.3996626
210,0.09991309,0.0009978889,0.4994303,0.3996587
211,0.09991395,0.0009978685,0.4994335,0.3996547
212,0.09991464,0.0009978523,0.4994368,0.3996508
213,0.09991519,0.000997841,0.4994403,0.3996468
214,0.09991559,0.0009978339,0.4994438,0.3996429
215,0.09991582,0.0009978311,0.499447,0.3996393
216,0.09991593,0.0009978332,0.4994501,0.3996361
217,0.09991589,0.000997839,0.499453,0.3996333
218,0.09991573,0.0009978489,0.4994556,0.3996308
219,0.09991539,0.0009978622,0.4994577,0.3996291
220,0.09991497,0.0009978788,0.4994594,0.3996278
221,0.0999144,0.0009978982,0.4994605,0.3996272
222,0.09991374,0.0009979202,0.4994612,0.3996271
223,0.09991298,0.0009979437,0.499461,0.399628
224,0.09991211,0.0009979689,0.4994604,0.3996295
225,0.09991112,0.0009979948,0.4994591,0.3996317
226,0.09991004,0.0009980211,0.4994574,0.3996345
227,0.09990889,0.0009980478,0.4994551,0.3996379
228,0.09990762,0.0009980735,0.4994524,0.3996419
229,0.09990631,0.0009980986,0.4994491,0.3996465
230,0.09990494,0.0009981229,0.4994456,0.3996513
231,0.09990352,0.0009981457,0.4994419,0.3996565
232,0.09990201,0.0009981669,0.4994379,0.3996619
233,0.09990054,0.0009981869,0.499434,0.3996673
234,0.09989899,0.0009982042,0.49943,0.3996728
235,0.09989745,0.0009982203,0.4994264,0.3996779
236,0.09989595,0.0009982343,0.4994228,0.3996829
237,0.09989442,0.0009982466,0.4994196,0.3996876
238,0.09989297,0.0009982571,0.499417,0.3996918
239,0.09989151,0.000998266,0.4994147,0.3996954
240,0.09989011,0.0009982735,0.4994131,0.3996985
241,0.09988881,0.0009982799,0.4994122,0.3997007
242,0.09988756,0.0009982849,0.4994118,0.3997023
243,0.09988651,0.0009982893,0.4994122,0.399703
244,0.0998855,0.0009982926,0.4994132,0.399703
245,0.0998847,0.0009982955,0.4994149,0.3997021
246,0.09988401,0.0009982978,0.4994172,0.3997005
247,0.09988351,0.0009982996,0.49942,0.3996981
248,0.09988324,0.0009983013,0.4994235,0.399695
249,0.09988312,0.0009983026,0.4994272,0.3996914
250,0.09988321,0.0009983032,0.4994313,0.3996872
251,0.09988353,0.0009983039,0.4994356,0.3996826
252,0.09988411,0.000998304,0.49944,0.3996776
253,0.09988488,0.0009983033,0.4994444,0.3996724
254,0.09988587,0.000998302,0.4994487,0.3996671
255,0.0998871,0.0009983002,0.4994527,0.3996619
256,0.09988852,0.0009982965,0.4994563,0.3996568
257,0.09989013,0.0009982915,0.4994594,0.3996521
258,0.09989195,0.0009982847,0.4994621,0.3996476
259,0.09989391,0.0009982764,0.4994642,0.3996437
260,0.09989599,0.000998266,0.4994654,0.3996403
261,0.09989817,0.0009982535,0.4994659,0.3996376
262,0.09990046,0.0009982388,0.4994658,0.3996355
263,0.09990275,0.0009982212,0.4994648,0.3996342
264,0.09990511,0.0009982019,0.4994632,0.3996335
265,0.09990741,0.0009981797,0.4994608,0.3996337
266,0.0999097,0.0009981557,0.4994577,0.3996345
267,0.09991188,0.0009981295,0.4994541,0.3996359
268,0.09991389,0.0009981011,0.4994499,0.3996381
269,0.09991578,0.0009980716,0.4994454,0.3996407
270,0.09991743,0.000998041,0.4994407,0.3996438
271,0.09991887,0.0009980098,0.4994358,0.3996473
272,0.09992007,0.0009979784,0.499431,0.399651
273,0.099921,0.0009979474,0.4994263,0.3996549
274,0.09992163,0.0009979175,0.4994217,0.3996587
275,0.09992197,0.0009978896,0.4994177,0.3996625
276,0.09992199,0.0009978635,0.4994142,0.399666
277,0.09992168,0.0009978403,0.4994111,0.3996694
278,0.09992106,0.000997821,0.4994088,0.3996722
279,0.09992015,0.0009978055,0.4994074,0.3996747
280,0.09991891,0.0009977949,0.4994067,0.3996766
281,0.09991743,0.0009977891,0.4994069,0.3996778
282,0.09991568,0.0009977885,0.4994079,0.3996786
283,0.09991371,0.0009977941,0.4994099,0.3996786
284,0.09991156,0.000997805,0.4994127,0.3996779
285,0.09990925,0.000997822,0.4994162,0.3996767
286,0.09990678,0.0009978447,0.4994203,0.399675
287,0.09990424,0.0009978729,0.499425,0.3996728
288,0.0999017,0.0009979066,0.4994302,0.3996702
289,0.09989913,0.0009979452,0.4994357,0.3996672
290,0.09989662,0.000997988,0.4994414,0.3996641
291,0.0998942,0.0009980343,0.499447,0.3996608
292,0.09989184,0.0009980836,0.4994524,0.3996576
293,0.09988971,0.0009981348,0.4994577,0.3996544
294,0.09988772,0.0009981872,0.4994625,0.3996516
295,0.09988596,0.0009982396,0.4994667,0.3996491
296,0.09988449,0.0009982914,0.4994702,0.399647
297,0.09988323,0.0009983416,0.4994728,0.3996456
298,0.09988228,0.0009983886,0.4994746,0.3996448
299,0.09988163,0.0009984323,0.4994753,0.3996446
300,0.09988126,0.0009984712,0.4994752,0.3996451
301,0.09988119,0.0009985046,0.4994739,0.3996464
302,0.09988141,0.0009985317,0.4994716,0.3996485
303,0.09988195,0.0009985525,0.4994684,0.3996512
304,0.09988274,0.0009985659,0.4994643,0.3996545
305,0.09988369,0.0009985715,0.4994592,0.3996585
306,0.0998849,0.0009985698,0.4994538,0.3996627
307,0.09988628,0.0009985606,0.4994476,0.3996675
308,0.09988783,0.0009985436,0.4994411,0.3996725
309,0.0998895,0.0009985194,0.4994344,0.3996777
310,0.09989128,0.0009984884,0.4994276,0.3996827
311,0.09989305,0.000998451,0.4994209,0.3996876
312,0.09989488,0.0009984084,0.4994145,0.3996922
313,0.09989671,0.0009983613,0.4994088,0.3996961
314,0.09989847,0.0009983106,0.4994037,0.3996996
315,0.09990019,0.0009982572,0.4993993,0.3997022
316,0.09990182,0.0009982022,0.4993958,0.3997042
317,0.09990331,0.0009981468,0.4993936,0.3997051
318,0.09990474,0.0009980921,0.4993924,0.3997048
319,0.09990598,0.0009980393,0.4993924,0.3997036
320,0.09990705,0.0009979891,0.4993936,0.3997014
321,0.099908,0.0009979426,0.4993958,0.3996982
322,0.09990881,0.0009979012,0.4993995,0.3996938
323,0.09990944,0.0009978649,0.4994041,0.3996885
324,0.09990994,0.0009978348,0.4994097,0.3996825
325,0.09991027,0.000997811,0.4994162,0.3996758
326,0.09991051,0.0009977941,0.4994233,0.3996684
327,0.09991064,0.0009977844,0.499431,0.3996605
328,0.09991068,0.0009977818,0.499439,0.3996525
329,0.09991063,0.0009977863,0.4994471,0.3996445
330,0.09991048,0.000997797,0.4994552,0.3996365
331,0.09991031,0.0009978141,0.4994628,0.3996291
332,0.09991011,0.0009978371,0.4994701,0.399622
333,0.09990989,0.0009978644,0.4994766,0.3996157
334,0.09990964,0.0009978958,0.499482,0.3996105
335,0.0999094,0.0009979306,0.4994866,0.3996061
336,0.09990913,0.0009979674,0.4994898,0.3996031
337,0.0999089,0.0009980055,0.4994918,0.3996013
338,0.09990866,0.0009980439,0.4994923,0.399601
339,0.09990843,0.000998082,0.4994915,0.399602
340,0.0999082,0.0009981181,0.4994892,0.3996045
341,0.09990796,0.000998152,0.4994855,0.3996084
342,0.09990761,0.0009981825,0.4994805,0.3996136
343,0.09990731,0.0009982096,0.4994744,0.3996201
344,0.09990694,0.000998232,0.4994672,0.3996277
345,0.09990648,0.0009982503,0.4994592,0.399636
346,0.09990595,0.0009982634,0.4994505,0.3996453
347,0.09990535,0.0009982719,0.4994413,0.3996551
348,0.09990464,0.0009982751,0.4994319,0.3996652
349,0.09990381,0.0009982738,0.4994225,0.3996754
350,0.09990287,0.0009982686,0.4994134,0.3996855
351,0.09990183,0.0009982594,0.4994049,0.3996951
352,0.09990066,0.0009982473,0.4993971,0.399704
353,0.09989937,0.0009982325,0.4993903,0.3997121
354,0.09989796,0.0009982161,0.4993846,0.3997192
355,0.09989648,0.0009981989,0.4993803,0.3997251
356,0.09989494,0.000998182,0.4993775,0.3997293
357,0.09989332,0.0009981657,0.4993761,0.3997323
358,0.09989166,0.0009981508,0.4993766,0.3997336
359,0.09989005,0.0009981381,0.4993785,0.3997332
360,0.09988846,0.0009981287,0.4993822,0.3997312
361,0.09988694,0.0009981226,0.4993874,0.3997276
362,0.09988551,0.0009981204,0.4993939,0.3997225
363,0.09988418,0.000998122,0.4994016,0.399716
364,0.09988306,0.0009981281,0.4994107,0.3997081
365,0.0998821,0.0009981379,0.4994203,0.3996994
366,0.09988141,0.000998152,0.4994308,0.3996897
367,0.09988097,0.0009981698,0.4994413,0.3996795
368,0.09988082,0.0009981905,0.499452,0.399669
369,0.09988102,0.000998214,0.4994625,0.3996582
370,0.09988153,0.0009982393,0.4994725,0.3996477
371,0.09988236,0.0009982651,0.4994816,0.3996378
372,0.09988351,0.0009982911,0.4994897,0.3996285
373,0.09988501,0.0009983162,0.4994965,0.3996201
374,0.0998868,0.0009983393,0.4995018,0.399613
375,0.09988897,0.0009983596,0.4995055,0.3996071
376,0.09989135,0.0009983757,0.4995073,0.399603
377,0.09989399,0.0009983871,0.4995074,0.3996002
378,0.09989682,0.0009983928,0.4995053,0.3995995
379,0.09989977,0.0009983926,0.4995016,0.3996002
380,0.09990285,0.0009983855,0.4994962,0.3996026
381,0.09990598,0.0009983713,0.4994891,0.3996065
382,0.09990903,0.0009983501,0.4994804,0.3996122
383,0.09991205,0.0009983217,0.4994705,0.3996191
384,0.09991494,0.0009982865,0.4994595,0.3996272
385,0.09991761,0.000998245,0.4994479,0.3996362
386,0.09992001,0.0009981972,0.4994357,0.399646
387,0.09992215,0.0009981452,0.4994235,0.3996562
388,0.09992387,0.0009980892,0.4994113,0.3996667
389,0.09992524,0.0009980311,0.4994001,0.3996766
390,0.09992617,0.0009979709,0.4993893,0.3996865
391,0.09992667,0.0009979119,0.49938,0.3996954
392,0.09992669,0.000997854,0.499372,0.3997035
393,0.09992626,0.0009977991,0.4993657,0.3997103
394,0.09992532,0.0009977486,0.4993612,0.3997158
395,0.09992394,0.0009977042,0.4993587,0.3997196
396,0.09992215,0.0009976677,0.4993584,0.3997217
397,0.09991995,0.0009976388,0.4993602,0.3997222
398,0.09991737,0.0009976197,0.4993643,0.3997207
399,0.09991446,0.0009976109,0.4993701,0.3997177
400,0.09991134,0.0009976134,0.4993783,0.3997127
401,0.09990801,0.0009976266,0.499388,0.3997063
402,0.09990457,0.0009976518,0.4993993,0.3996984
403,0.09990104,0.0009976878,0.4994118,0.3996895
404,0.09989754,0.0009977343,0.4994252,0.3996795
405,0.09989416,0.0009977912,0.4994392,0.3996688
406,0.0998909,0.0009978567,0.4994535,0.3996578
407,0.09988784,0.0009979298,0.4994675,0.3996468
408,0.09988507,0.0009980096,0.499481,0.3996359
409,0.0998826,0.0009980937,0.4994935,0.3996258
410,0.09988049,0.0009981811,0.4995047,0.3996166
411,0.09987886,0.000998269,0.4995145,0.3996085
412,0.09987765,0.0009983558,0.4995221,0.399602
413,0.09987689,0.0009984398,0.4995277,0.3995969
414,0.09987662,0.000998519,0.4995308,0.3995941
415,0.09987681,0.0009985913,0.4995317,0.399593
416,0.09987743,0.000998655,0.4995299,0.3995941
417,0.09987848,0.0009987085,0.4995256,0.3995972
418,0.09987991,0.0009987504,0.4995189,0.3996024
419,0.09988173,0.0009987802,0.4995101,0.3996095
420,0.09988375,0.0009987956,0.4994988,0.3996185
421,0.09988613,0.0009987983,0.4994859,0.3996292
422,0.09988864,0.0009987863,0.4994715,0.3996411
423,0.09989126,0.0009987602,0.4994559,0.3996541
424,0.09989397,0.0009987209,0.4994395,0.3996678
425,0.09989668,0.0009986692,0.4994228,0.3996819
426,0.09989924,0.0009986055,0.4994062,0.3996959
427,0.09990176,0.0009985319,0.4993903,0.3997095
428,0.09990403,0.0009984496,0.4993752,0.3997223
429,0.09990608,0.0009983612,0.4993616,0.3997339
430,0.09990785,0.0009982679,0.4993498,0.399744
431,0.09990934,0.0009981726,0.4993403,0.3997522
432,0.09991049,0.000998077,0.4993331,0.3997582
433,0.09991131,0.0009979835,0.4993286,0.3997621
434,0.09991173,0.0009978943,0.4993271,0.3997633
435,0.09991185,0.0009978116,0.4993283,0.399762
436,0.09991164,0.0009977371,0.4993326,0.399758
437,0.09991112,0.0009976731,0.4993397,0.3997514
438,0.09991032,0.0009976205,0.4993496,0.3997425
439,0.09990934,0.0009975809,0.4993621,0.399731
440,0.09990818,0.0009975549,0.4993767,0.3997176
441,0.09990685,0.0009975428,0.4993932,0.3997024
442,0.09990548,0.0009975453,0.4994111,0.3996859
443,0.09990409,0.0009975623,0.4994302,0.3996682
444,0.09990272,0.0009975926,0.4994496,0.3996501
445,0.09990145,0.0009976358,0.4994693,0.3996316
446,0.09990031,0.0009976906,0.4994882,0.3996137
447,0.0998994,0.0009977552,0.4995062,0.3995966
448,0.09989864,0.0009978282,0.4995227,0.3995809
449,0.09989819,0.0009979071,0.4995371,0.3995668
450,0.09989797,0.0009979904,0.4995492,0.3995549
451,0.09989807,0.0009980755,0.4995585,0.3995454
452,0.09989844,0.00099816,0.4995647,0.3995387
453,0.09989908,0.0009982416,0.4995677,0.399535
454,0.09989995,0.0009983182,0.499567,0.3995347
455,0.09990107,0.0009983876,0.499563,0.3995375
456,0.09990243,0.0009984488,0.4995557,0.3995434
457,0.09990389,0.0009984988,0.4995451,0.3995526
458,0.09990545,0.0009985371,0.4995314,0.3995647
459,0.09990701,0.0009985628,0.4995151,0.3995793
460,0.09990856,0.0009985744,0.4994964,0.3995965
461,0.09991002,0.000998573,0.4994759,0.3996154
462,0.09991132,0.0009985577,0.4994542,0.3996359
463,0.09991241,0.0009985294,0.4994317,0.3996573
464,0.09991319,0.0009984887,0.499409,0.3996794
465,0.09991366,0.0009984373,0.4993866,0.3997012
466,0.09991378,0.0009983772,0.4993654,0.3997224
467,0.09991346,0.0009983088,0.4993457,0.3997425
468,0.0999127,0.0009982357,0.4993283,0.3997608
469,0.09991156,0.0009981594,0.4993136,0.3997767
470,0.09991003,0.0009980828,0.499302,0.3997899
471,0.09990803,0.0009980074,0.4992938,0.3998002
472,0.09990562,0.0009979362,0.4992892,0.3998072
473,0.09990294,0.000997872,0.4992889,0.3998103
474,0.09989991,0.0009978155,0.4992922,0.39981
475,0.09989668,0.00099777,0.4992996,0.3998059
476,0.09989329,0.0009977361,0.4993107,0.3997982
477,0.09988984,0.0009977162,0.4993255,0.399787
478,0.0998864,0.00099771,0.4993435,0.3997723
479,0.09988306,0.0009977192,0.4993643,0.3997549
480,0.09987989,0.0009977429,0.4993873,0.399735
481,0.09987697,0.0009977812,0.4994121,0.3997132
482,0.09987441,0.0009978329,0.499438,0.3996898
483,0.09987231,0.0009978974,0.4994641,0.3996657
484,0.09987074,0.0009979727,0.49949,0.3996414
485,0.09986977,0.0009980568,0.4995148,0.3996173
486,0.09986936,0.0009981478,0.4995379,0.3995945
487,0.0998696,0.0009982426,0.4995587,0.3995734
488,0.09987059,0.0009983393,0.4995767,0.3995545
489,0.09987222,0.0009984343,0.499591,0.3995384
490,0.09987454,0.0009985248,0.4996014,0.3995255
491,0.09987752,0.0009986085,0.4996078,0.3995162
492,0.09988108,0.0009986822,0.4996094,0.3995109
493,0.0998852,0.0009987437,0.4996065,0.3995096
494,0.09988977,0.0009987907,0.4995991,0.3995124
495,0.09989471,0.0009988215,0.4995871,0.3995194
496,0.0998999,0.0009988344,0.4995708,0.3995304
497,0.09990523,0.0009988282,0.499551,0.399545
498,0.09991061,0.0009988029,0.4995275,0.3995631
499,0.09991589,0.0009987581,0.4995013,0.399584
500,0.09992097,0.0009986951,0.4994732,0.3996072
501,0.09992571,0.0009986144,0.4994436,0.3996321
502,0.09992997,0.0009985171,0.4994134,0.3996581
503,0.09993366,0.0009984059,0.4993834,0.3996845
504,0.09993671,0.0009982835,0.4993545,0.3997105
505,0.099939,0.0009981522,0.4993273,0.3997355
506,0.09994052,0.0009980157,0.4993028,0.3997588
507,0.09994117,0.0009978771,0.4992814,0.3997795
508,0.09994096,0.0009977401,0.499264,0.3997973
509,0.09993983,0.0009976084,0.4992509,0.3998116
510,0.09993786,0.0009974856,0.4992427,0.3998218
511,0.09993508,0.0009973752,0.4992397,0.3998278
512,0.09993148,0.0009972799,0.499242,0.3998293
513,0.09992723,0.0009972032,0.4992495,0.399826
514,0.09992239,0.0009971472,0.4992623,0.3998182
515,0.09991701,0.0009971136,0.49928,0.3998059
516,0.09991125,0.0009971044,0.4993023,0.3997893
517,0.0999053,0.0009971203,0.4993286,0.399769
518,0.09989917,0.0009971614,0.4993582,0.3997455
519,0.09989309,0.0009972272,0.4993904,0.3997192
520,0.0998872,0.0009973171,0.4994245,0.399691
521,0.0998816,0.0009974288,0.4994597,0.3996613
522,0.09987641,0.00099756,0.4994946,0.3996314
523,0.09987179,0.0009977081,0.4995285,0.399602
524,0.09986788,0.00099787,0.4995607,0.3995735
525,0.09986473,0.0009980415,0.49959,0.3995472
526,0.0998624,0.0009982184,0.4996157,0.3995237
527,0.09986097,0.000998397,0.499637,0.3995036
528,0.0998605,0.0009985723,0.4996534,0.3994876
529,0.09986095,0.0009987406,0.4996641,0.3994762
530,0.09986232,0.000998897,0.4996689,0.3994699
531,0.09986462,0.0009990375,0.4996677,0.3994687
532,0.09986772,0.0009991579,0.49966,0.3994731
533,0.09987153,0.0009992556,0.4996463,0.3994829
534,0.09987606,0.0009993279,0.4996269,0.3994977
535,0.09988105,0.0009993716,0.499602,0.3995177
536,0.09988643,0.0009993863,0.4995721,0.3995421
537,0.09989206,0.0009993707,0.4995381,0.3995704
538,0.09989781,0.0009993254,0.4995012,0.3996017
539,0.09990345,0.0009992506,0.4994618,0.3996355
540,0.09990889,0.0009991481,0.4994211,0.3996709
541,0.09991398,0.0009990199,0.4993802,0.3997068
542,0.09991857,0.0009988695,0.4993401,0.3997424
543,0.09992258,0.0009987006,0.4993022,0.3997766
544,0.09992586,0.0009985166,0.4992672,0.3998085
545,0.09992834,0.0009983222,0.4992362,0.3998371
546,0.09992996,0.0009981226,0.4992102,0.3998617
547,0.09993068,0.0009979225,0.4991898,0.3998817
548,0.09993055,0.0009977274,0.4991757,0.3998961
549,0.09992948,0.0009975418,0.4991684,0.3999046
550,0.09992761,0.0009973709,0.4991681,0.3999069
551,0.09992494,0.0009972191,0.4991752,0.3999026
552,0.09992154,0.0009970902,0.4991894,0.3998919
553,0.09991755,0.0009969879,0.4992104,0.3998751
554,0.09991308,0.000996915,0.4992378,0.3998522
555,0.09990828,0.0009968735,0.4992711,0.3998238
556,0.09990323,0.0009968644,0.4993093,0.3997906
557,0.09989812,0.0009968884,0.4993516,0.3997535
558,0.09989312,0.000996945,0.4993968,0.3997131
559,0.09988833,0.0009970326,0.4994439,0.3996707
560,0.09988392,0.0009971497,0.4994916,0.3996273
561,0.09988003,0.0009972926,0.4995387,0.399584
562,0.09987684,0.0009974585,0.4995839,0.3995419
563,0.09987435,0.0009976417,0.4996257,0.3995024
564,0.09987273,0.0009978388,0.4996632,0.3994662
565,0.09987206,0.0009980438,0.4996952,0.3994346
566,0.09987231,0.0009982517,0.4997209,0.3994085
567,0.09987351,0.0009984564,0.4997392,0.3993888
568,0.09987571,0.0009986527,0.4997499,0.3993757
569,0.09987881,0.0009988348,0.4997522,0.3993701
570,0.09988271,0.0009989982,0.4997462,0.3993721
571,0.09988735,0.0009991375,0.4997318,0.3993817
572,0.09989258,0.0009992493,0.4997093,0.3993988
573,0.0998983,0.00099933,0.4996791,0.3994232
574,0.09990431,0.0009993771,0.499642,0.3994542
575,0.09991044,0.0009993894,0.4995989,0.3994912
576,0.09991647,0.0009993655,0.4995507,0.3995334
577,0.09992227,0.0009993064,0.4994988,0.3995797
578,0.09992763,0.0009992133,0.4994445,0.3996287
579,0.09993234,0.0009990882,0.4993891,0.3996794
580,0.09993633,0.0009989348,0.4993343,0.3997305
581,0.09993935,0.0009987567,0.4992813,0.3997806
582,0.09994135,0.0009985587,0.4992318,0.3998282
583,0.09994223,0.0009983467,0.4991871,0.3998723
584,0.09994192,0.0009981259,0.4991483,0.3999116
585,0.09994045,0.0009979033,0.4991168,0.3999448
586,0.09993775,0.000997684,0.4990933,0.3999713
587,0.09993389,0.0009974752,0.4990788,0.3999898
588,0.09992896,0.0009972824,0.4990736,0.4000001
589,0.09992304,0.0009971118,0.4990779,0.4000019
590,0.09991628,0.0009969675,0.499092,0.3999948
591,0.09990885,0.000996856,0.4991156,0.3999787
592,0.09990086,0.0009967791,0.4991482,0.3999542
593,0.09989253,0.0009967401,0.4991889,0.3999218
594,0.09988412,0.0009967412,0.499237,0.3998821
595,0.09987579,0.000996783,0.4992912,0.3998362
596,0.09986775,0.0009968646,0.4993502,0.3997853
597,0.09986025,0.0009969849,0.4994125,0.3997303
598,0.09985349,0.0009971415,0.4994763,0.399673
599,0.09984767,0.0009973299,0.4995403,0.3996147
600,0.09984299,0.0009975465,0.4996023,0.3995572
601,0.09983957,0.000997785,0.499661,0.3995016
602,0.09983754,0.00099804,0.4997145,0.39945
603,0.09983701,0.0009983038,0.4997613,0.3994034
604,0.099838,0.0009985698,0.4998002,0.3993632
605,0.09984063,0.0009988308,0.4998299,0.3993306
606,0.09984484,0.0009990792,0.4998494,0.3993067
607,0.09985055,0.0009993078,0.4998582,0.3992919
608,0.09985767,0.0009995102,0.4998556,0.3992873
609,0.09986599,0.0009996793,0.4998417,0.3992926
610,0.0998754,0.0009998106,0.4998167,0.3993081
611,0.09988564,0.0009998989,0.4997811,0.3993334
612,0.09989653,0.0009999416,0.4997356,0.399368
613,0.09990771,0.0009999354,0.4996815,0.3994109
614,0.09991895,0.00099988,0.4996198,0.3994614
615,0.09992991,0.0009997757,0.4995524,0.399518
616,0.09994039,0.0009996246,0.4994808,0.3995791
617,0.09995008,0.0009994295,0.4994071,0.3996434
618,0.09995867,0.0009991943,0.4993329,0.3997092
619,0.09996594,0.0009989252,0.4992606,0.3997746
620,0.09997172,0.0009986283,0.4991919,0.3998378
621,0.09997584,0.0009983106,0.4991287,0.3998972
622,0.09997814,0.0009979809,0.4990729,0.399951
623,0.09997858,0.0009976472,0.4990258,0.3999979
624,0.09997714,0.0009973187,0.4989892,0.4000364
625,0.09997386,0.0009970042,0.4989641,0.4000651
626,0.09996872,0.000996712,0.4989511,0.4000835
627,0.09996188,0.0009964503,0.498951,0.4000906
628,0.09995353,0.000996227,0.498964,0.4000863
629,0.09994381,0.0009960483,0.4989898,0.4000704
630,0.09993295,0.0009959196,0.4990279,0.4000432
631,0.09992123,0.0009958459,0.4990777,0.4000052
632,0.09990893,0.0009958297,0.499138,0.3999573
633,0.09989631,0.0009958728,0.4992073,0.3999005
634,0.09988367,0.0009959751,0.4992839,0.3998365
635,0.09987137,0.0009961348,0.4993657,0.3997668
636,0.09985969,0.0009963493,0.499451,0.399693
637,0.09984892,0.0009966135,0.4995372,0.3996173
638,0.09983936,0.000996922,0.499622,0.3995417
639,0.09983125,0.0009972672,0.4997034,0.3994681
640,0.09982482,0.0009976409,0.4997789,0.3993987
641,0.09982023,0.0009980336,0.4998462,0.3993354
642,0.0998177,0.0009984364,0.4999038,0.39928
643,0.09981724,0.0009988376,0.4999496,0.3992343
644,0.09981894,0.0009992279,0.4999823,0.3991995
645,0.09982275,0.000999596,0.5000007,0.3991769
646,0.09982864,0.0009999324,0.5000043,0.3991671
647,0.09983644,0.001000228,0.4999925,0.3991708
648,0.09984592,0.001000473,0.4999655,0.3991881
649,0.09985693,0.001000662,0.4999239,0.3992186
650,0.09986913,0.001000789,0.4998683,0.3992618
651,0.09988219,0.001000848,0.4998003,0.3993168
652,0.09989576,0.001000838,0.4997213,0.399382
653,0.09990942,0.001000758,0.4996337,0.3994561
654,0.09992283,0.001000609,0.4995392,0.3995374
655,0.09993563,0.001000393,0.4994406,0.3996234
656,0.09994743,0.001000117,0.4993404,0.399712
657,0.09995791,0.0009997862,0.4992413,0.399801
658,0.09996676,0.0009994084,0.4991458,0.399888
659,0.09997379,0.0009989936,0.4990567,0.3999705
660,0.09997875,0.0009985521,0.4989766,0.4000461
661,0.09998154,0.000998095,0.4989074,0.4001129
662,0.09998203,0.0009976343,0.4988512,0.4001691
663,0.0999803,0.0009971821,0.4988098,0.4002126
664,0.09997633,0.0009967505,0.4987846,0.4002422
665,0.09997024,0.0009963509,0.4987763,0.4002571
666,0.09996221,0.0009959942,0.4987855,0.4002563
667,0.09995241,0.0009956902,0.4988121,0.4002398
668,0.09994113,0.0009954474,0.4988559,0.4002074
669,0.09992862,0.0009952732,0.4989158,0.4001603
670,0.09991524,0.0009951729,0.4989906,0.400099
671,0.0999013,0.0009951497,0.4990787,0.4000248
672,0.09988716,0.000995205,0.4991777,0.39994
673,0.09987324,0.0009953388,0.4992853,0.3998461
674,0.09985986,0.0009955477,0.4993986,0.399746
675,0.09984742,0.0009958277,0.4995147,0.3996421
676,0.09983627,0.0009961718,0.4996307,0.3995368
677,0.09982679,0.0009965724,0.4997436,0.399433
678,0.09981921,0.0009970184,0.4998499,0.399334
679,0.09981387,0.0009974994,0.4999468,0.3992419
680,0.09981085,0.000998002,0.5000313,0.3991598
681,0.09981041,0.0009985137,0.5001014,0.3990897
682,0.09981256,0.0009990199,0.5001543,0.3990341
683,0.09981738,0.0009995081,0.500189,0.3989941
684,0.09982475,0.0009999637,0.5002037,0.3989716
685,0.09983453,0.001000374,0.5001978,0.3989673
686,0.09984651,0.001000728,0.5001712,0.3989815
687,0.09986033,0.001001015,0.5001245,0.3990141
688,0.09987569,0.001001225,0.5000583,0.3990648
689,0.09989218,0.001001352,0.4999744,0.3991321
690,0.09990925,0.001001392,0.4998745,0.3992148
691,0.09992651,0.001001343,0.4997616,0.3993106
692,0.0999433,0.001001203,0.499638,0.3994174
693,0.0999593,0.001000976,0.4995073,0.3995324
694,0.09997388,0.001000668,0.4993727,0.3996527
695,0.09998665,0.001000285,0.4992378,0.3997753
696,0.09999728,0.000999838,0.4991063,0.3998966
697,0.1000054,0.0009993371,0.4989816,0.4000137
698,0.1000106,0.0009987955,0.4988673,0.4001233
699,0.1000129,0.000998228,0.4987664,0.4002224
700,0.1000122,0.00099765,0.498682,0.4003081
701,0.1000084,0.0009970767,0.4986163,0.4003782
702,0.1000016,0.0009965239,0.4985714,0.4004304
703,0.09999198,0.0009960074,0.4985489,0.4004631
704,0.09997968,0.0009955411,0.4985495,0.4004753
705,0.09996507,0.0009951387,0.4985737,0.400466
706,0.09994847,0.0009948127,0.4986214,0.4004354
707,0.09993021,0.0009945721,0.4986913,0.400384
708,0.09991074,0.0009944253,0.4987822,0.4003126
709,0.09989058,0.0009943774,0.498892,0.400223
710,0.09987019,0.0009944323,0.4990181,0.4001172
711,0.09985004,0.0009945891,0.4991576,0.3999978
712,0.09983066,0.0009948453,0.4993066,0.3998679
713,0.09981258,0.0009951966,0.4994617,0.3997306
714,0.09979625,0.0009956346,0.4996185,0.3995896
715,0.09978216,0.0009961491,0.4997729,0.3994488
716,0.09977072,0.0009967276,0.4999208,0.3993117
717,0.09976236,0.0009973559,0.5000581,0.3991823
718,0.09975733,0.0009980173,0.5001806,0.3990641
719,0.09975591,0.0009986946,0.500285,0.3989605
720,0.09975828,0.0009993701,0.500368,0.3988744
721,0.09976444,0.001000025,0.5004269,0.3988086
722,0.09977438,0.001000641,0.5004599,0.3987651
723,0.09978796,0.001001201,0.5004656,0.3987452
724,0.09980491,0.001001688,0.5004431,0.3987504
725,0.09982479,0.001002087,0.500393,0.3987801
726,0.09984719,0.001002386,0.5003161,0.3988343
727,0.09987146,0.001002575,0.5002142,0.3989117
728,0.09989703,0.001002646,0.5000896,0.3990107
729,0.09992311,0.001002596,0.4999454,0.3991289
730,0.09994907,0.001002422,0.4997854,0.3992631
731,0.09997408,0.001002129,0.4996136,0.3994102
732,0.09999745,0.001001721,0.4994342,0.3995666
733,0.1000185,0.001001209,0.4992526,0.3997277
734,0.1000367,0.001000603,0.499073,0.3998896
735,0.1000515,0.0009999193,0.4989006,0.400048
736,0.1000625,0.0009991744,0.4987399,0.4001984
737,0.1000694,0.000998388,0.4985955,0.4003368
738,0.1000719,0.0009975802,0.4984713,0.4004592
739,0.1000701,0.0009967722,0.4983709,0.4005623
740,0.1000639,0.0009959856,0.4982969,0.4006431
741,0.1000536,0.0009952418,0.4982524,0.4006988
742,0.1000394,0.0009945609,0.4982383,0.4007277
743,0.1000217,0.0009939627,0.4982558,0.4007285
744,0.1000007,0.0009934629,0.4983047,0.4007011
745,0.09997711,0.0009930774,0.4983844,0.4006453
746,0.09995139,0.0009928177,0.4984933,0.4005625
747,0.09992414,0.0009926928,0.4986292,0.400454
748,0.09989595,0.0009927074,0.4987884,0.4003229
749,0.09986752,0.0009928651,0.4989679,0.4001717
750,0.0998395,0.0009931629,0.4991627,0.4000046
751,0.09981261,0.000993596,0.4993682,0.3998256
752,0.09978748,0.0009941546,0.4995788,0.3996396
753,0.09976479,0.0009948271,0.4997891,0.3994513
754,0.09974519,0.0009955973,0.4999934,0.3992658
755,0.09972925,0.0009964472,0.5001858,0.3990885
756,0.09971747,0.0009973553,0.5003612,0.398924
757,0.09971028,0.0009982995,0.5005143,0.3987771
758,0.09970801,0.0009992539,0.5006405,0.3986523
759,0.09971097,0.001000194,0.5007359,0.3985528
760,0.09971911,0.001001096,0.5007974,0.3984824
761,0.09973234,0.001001932,0.5008225,0.3984432
762,0.09975047,0.001002682,0.5008101,0.3984367
763,0.09977309,0.001003321,0.5007601,0.3984635
764,0.0997996,0.001003832,0.5006729,0.3985236
765,0.09982932,0.001004198,0.5005507,0.3986158
766,0.09986138,0.001004406,0.5003963,0.3987379
767,0.09989494,0.001004451,0.5002134,0.3988872
768,0.09992891,0.001004326,0.5000066,0.3990601
769,0.09996232,0.001004033,0.4997813,0.3992523
770,0.09999421,0.001003577,0.4995435,0.3994588
771,0.1000236,0.00100297,0.4992992,0.3996743
772,0.1000496,0.001002224,0.4990551,0.399893
773,0.1000715,0.001001358,0.4988176,0.4001095
774,0.1000887,0.001000395,0.4985932,0.4003177
775,0.1001008,0.0009993588,0.4983878,0.4005121
776,0.1001074,0.0009982758,0.4982072,0.4006872
777,0.1001084,0.000997175,0.4980564,0.400838
778,0.1001038,0.0009960853,0.4979396,0.4009604
779,0.1000939,0.0009950357,0.4978605,0.4010506
780,0.1000788,0.0009940544,0.4978216,0.4011056
781,0.100059,0.0009931683,0.4978245,0.4011233
782,0.100035,0.0009924017,0.4978697,0.4011028
783,0.1000073,0.0009917759,0.497957,0.4010439
784,0.09997667,0.0009913096,0.4980845,0.4009474
785,0.09994379,0.0009910169,0.4982498,0.4008154
786,0.09990936,0.0009909073,0.4984491,0.4006506
787,0.09987421,0.0009909866,0.4986781,0.4004568
788,0.09983908,0.000991255,0.4989307,0.400239
789,0.09980493,0.0009917087,0.4992013,0.4000021
790,0.09977256,0.0009923379,0.4994826,0.3997524
791,0.09974285,0.0009931291,0.4997675,0.3994965
792,0.0997166,0.0009940631,0.5000479,0.3992414
793,0.09969456,0.0009951186,0.5003167,0.3989936
794,0.09967761,0.0009962692,0.500566,0.3987601
795,0.0996663,0.0009974851,0.5007885,0.3985477
796,0.09966116,0.0009987357,0.5009778,0.3983623
797,0.09966263,0.000999987,0.5011278,0.3982096
798,0.09967094,0.001001206,0.5012339,0.398094
799,0.09968606,0.001002359,0.5012923,0.3980193
800,0.09970786,0.001003412,0.5013005,0.3979883
801,0.09973585,0.001004337,0.5012575,0.3980022
802,0.09976944,0.001005105,0.5011637,0.3980617
803,0.09980769,0.001005691,0.501021,0.3981656
804,0.09984954,0.001006078,0.5008328,0.3983116
805,0.09989377,0.001006251,0.5006036,0.3984964
806,0.099939,0.001006202,0.5003392,0.3987157
807,0.09998383,0.001005929,0.5000463,0.398964
808,0.1000269,0.001005436,0.4997326,0.399235
809,0.1000668,0.001004733,0.4994065,0.399522
810,0.1001023,0.001003839,0.4990766,0.3998173
811,0.1001324,0.001002774,0.4987516,0.4001133
812,0.1001562,0.001001565,0.4984404,0.4004019
813,0.1001729,0.001000245,0.4981511,0.4006757
814,0.1001824,0.0009988479,0.4978915,0.4009272
815,0.1001843,0.0009974097,0.4976689,0.4011494
816,0.1001786,0.0009959696,0.4974891,0.4013363
817,0.1001656,0.0009945664,0.4973576,0.4014822
818,0.1001456,0.0009932379,0.4972784,0.4015827
819,0.1001194,0.0009920208,0.4972542,0.4016343
820,0.1000874,0.0009909486,0.4972866,0.4016351
821,0.1000504,0.0009900513,0.4973754,0.4015841
