EwEVersion,"6.6.7.17812 (compiled 28/02/2022)"
Date,"26/02/2023 11:47:51 AM"
ModelName,CS_model_V1_110722
EcosimScenario,"New Ecosim scenario"
TimeSeries,(none)
StartYear,2020

Data,"Prey of Bryozoans"

timestep\group,Zooplankton,Phytoplankton,Detritus,
1,0.09999713,0.5999674,0.3000355
2,0.09999505,0.5999584,0.3000465
3,0.09999371,0.5999554,0.3000509
4,0.09999209,0.5999529,0.3000551
5,0.09999053,0.5999507,0.3000588
6,0.09998918,0.599949,0.3000618
7,0.09998816,0.5999477,0.3000642
8,0.0999874,0.5999465,0.3000661
9,0.09998699,0.5999455,0.3000675
10,0.09998684,0.5999446,0.3000686
11,0.09998695,0.5999439,0.3000692
12,0.09998729,0.5999432,0.3000696
13,0.09998782,0.5999426,0.3000696
14,0.09998854,0.5999421,0.3000692
15,0.09998941,0.5999418,0.3000687
16,0.0999904,0.5999417,0.3000679
17,0.09999146,0.5999418,0.3000668
18,0.09999267,0.5999419,0.3000654
19,0.09999397,0.5999421,0.300064
20,0.09999533,0.5999424,0.3000623
21,0.09999677,0.5999428,0.3000604
22,0.0999983,0.599943,0.3000586
23,0.09999989,0.5999435,0.3000566
24,0.1000015,0.5999439,0.3000547
25,0.1000032,0.5999443,0.3000525
26,0.100005,0.5999447,0.3000504
27,0.1000068,0.5999448,0.3000485
28,0.1000085,0.5999449,0.3000465
29,0.1000103,0.5999449,0.3000447
30,0.1000121,0.5999449,0.300043
31,0.1000139,0.5999447,0.3000415
32,0.1000156,0.5999442,0.3000402
33,0.1000173,0.5999436,0.3000391
34,0.1000189,0.599943,0.3000382
35,0.1000204,0.5999422,0.3000374
36,0.1000217,0.5999414,0.3000369
37,0.100023,0.5999403,0.3000367
38,0.1000241,0.5999392,0.3000367
39,0.1000251,0.599938,0.300037
40,0.1000258,0.5999368,0.3000373
41,0.1000264,0.5999358,0.3000379
42,0.1000267,0.5999345,0.3000387
43,0.1000269,0.5999333,0.3000398
44,0.1000268,0.5999323,0.3000408
45,0.1000265,0.5999314,0.300042
46,0.100026,0.5999306,0.3000434
47,0.1000252,0.5999299,0.3000448
48,0.1000243,0.5999295,0.3000463
49,0.1000231,0.5999291,0.3000478
50,0.1000218,0.599929,0.3000492
51,0.1000202,0.5999289,0.3000508
52,0.1000186,0.5999292,0.3000523
53,0.1000167,0.5999295,0.3000538
54,0.1000148,0.59993,0.3000552
55,0.1000127,0.5999307,0.3000565
56,0.1000106,0.5999315,0.3000579
57,0.1000085,0.5999325,0.300059
58,0.1000064,0.5999334,0.3000602
59,0.1000042,0.5999345,0.3000613
60,0.1000021,0.5999355,0.3000623
61,0.1000001,0.5999367,0.3000632
62,0.09999822,0.5999377,0.3000641
63,0.09999643,0.5999387,0.3000648
64,0.09999481,0.5999398,0.3000655
65,0.09999332,0.5999405,0.3000661
66,0.09999205,0.5999414,0.3000666
67,0.09999095,0.599942,0.300067
68,0.0999901,0.5999424,0.3000675
69,0.09998949,0.5999428,0.3000677
70,0.09998908,0.5999429,0.3000681
71,0.09998891,0.5999429,0.3000682
72,0.099989,0.5999428,0.3000682
73,0.09998932,0.5999424,0.3000682
74,0.09998988,0.599942,0.3000681
75,0.09999064,0.5999414,0.3000679
76,0.09999167,0.5999408,0.3000677
77,0.09999283,0.5999399,0.3000672
78,0.09999421,0.5999392,0.3000666
79,0.09999572,0.5999383,0.300066
80,0.09999739,0.5999375,0.3000651
81,0.0999992,0.5999367,0.3000641
82,0.1000011,0.599936,0.3000629
83,0.1000031,0.5999354,0.3000616
84,0.1000051,0.5999347,0.3000602
85,0.1000071,0.5999343,0.3000586
86,0.1000091,0.5999342,0.3000567
87,0.1000111,0.599934,0.3000548
88,0.1000131,0.599934,0.3000529
89,0.1000149,0.5999345,0.3000507
90,0.1000167,0.5999347,0.3000485
91,0.1000184,0.5999355,0.3000462
92,0.1000199,0.5999362,0.3000439
93,0.1000212,0.5999371,0.3000417
94,0.1000225,0.5999383,0.3000393
95,0.1000235,0.5999394,0.3000371
96,0.1000243,0.5999407,0.300035
97,0.100025,0.599942,0.3000331
98,0.1000255,0.5999433,0.3000312
99,0.1000258,0.5999445,0.3000297
100,0.1000259,0.5999458,0.3000282
101,0.1000258,0.599947,0.3000272
102,0.1000255,0.599948,0.3000265
103,0.100025,0.599949,0.3000261
104,0.1000243,0.5999496,0.3000261
105,0.1000234,0.5999502,0.3000264
106,0.1000224,0.5999506,0.300027
107,0.1000212,0.5999506,0.3000281
108,0.1000199,0.5999505,0.3000295
109,0.1000185,0.5999503,0.3000313
110,0.1000169,0.5999497,0.3000335
111,0.1000152,0.5999488,0.300036
112,0.1000135,0.5999479,0.3000385
113,0.1000117,0.5999467,0.3000415
114,0.1000099,0.5999455,0.3000447
115,0.100008,0.599944,0.300048
116,0.1000061,0.5999425,0.3000514
117,0.1000042,0.5999411,0.3000548
118,0.1000023,0.5999395,0.3000582
119,0.1000005,0.599938,0.3000615
120,0.09999867,0.5999366,0.3000647
121,0.09999694,0.5999353,0.3000678
122,0.09999529,0.5999342,0.3000706
123,0.09999374,0.5999331,0.3000731
124,0.09999233,0.5999323,0.3000754
125,0.09999107,0.5999317,0.3000772
126,0.09998991,0.5999315,0.3000787
127,0.0999889,0.5999313,0.3000798
128,0.09998809,0.5999315,0.3000804
129,0.09998745,0.5999319,0.3000807
130,0.09998702,0.5999326,0.3000804
131,0.09998672,0.5999334,0.3000799
132,0.09998672,0.5999345,0.3000787
133,0.0999869,0.5999358,0.3000773
134,0.09998725,0.5999372,0.3000756
135,0.09998784,0.5999387,0.3000735
136,0.09998864,0.5999403,0.3000711
137,0.09998961,0.5999417,0.3000686
138,0.09999081,0.5999432,0.300066
139,0.09999214,0.5999447,0.3000632
140,0.09999367,0.5999461,0.3000603
141,0.09999534,0.5999473,0.3000574
142,0.09999716,0.5999482,0.3000547
143,0.09999909,0.5999491,0.300052
144,0.1000011,0.5999495,0.3000493
145,0.1000032,0.5999498,0.3000471
146,0.1000053,0.5999497,0.300045
147,0.1000075,0.5999494,0.3000431
148,0.1000096,0.5999488,0.3000416
149,0.1000118,0.5999479,0.3000404
150,0.1000138,0.5999469,0.3000392
151,0.1000157,0.5999455,0.3000388
152,0.1000175,0.5999441,0.3000384
153,0.1000192,0.5999424,0.3000384
154,0.1000207,0.5999407,0.3000387
155,0.100022,0.5999389,0.3000392
156,0.100023,0.599937,0.3000399
157,0.1000239,0.5999352,0.3000408
158,0.1000245,0.5999336,0.3000419
159,0.1000248,0.5999321,0.3000431
160,0.1000249,0.5999308,0.3000444
161,0.1000247,0.5999297,0.3000457
162,0.1000242,0.5999287,0.300047
163,0.1000235,0.5999282,0.3000483
164,0.1000225,0.599928,0.3000494
165,0.1000213,0.5999281,0.3000506
166,0.1000198,0.5999287,0.3000516
167,0.1000181,0.5999293,0.3000525
168,0.1000163,0.5999306,0.3000531
169,0.1000142,0.599932,0.3000537
170,0.1000121,0.5999337,0.3000543
171,0.1000098,0.5999357,0.3000546
172,0.1000075,0.5999378,0.3000547
173,0.1000051,0.5999401,0.3000548
174,0.1000028,0.5999425,0.3000547
175,0.1000004,0.5999448,0.3000548
176,0.09999818,0.5999472,0.3000547
177,0.09999602,0.5999494,0.3000545
178,0.09999397,0.5999515,0.3000546
179,0.09999205,0.5999533,0.3000546
180,0.09999035,0.5999549,0.3000548
181,0.09998885,0.5999562,0.300055
182,0.09998756,0.5999571,0.3000553
183,0.09998651,0.5999577,0.3000559
184,0.09998571,0.5999578,0.3000565
185,0.09998516,0.5999575,0.3000573
186,0.09998489,0.5999568,0.3000583
187,0.09998483,0.5999556,0.3000596
188,0.09998509,0.5999542,0.3000608
189,0.09998557,0.5999523,0.3000621
190,0.09998625,0.5999502,0.3000635
191,0.09998718,0.5999478,0.300065
192,0.09998829,0.5999451,0.3000665
193,0.09998959,0.5999423,0.300068
194,0.09999106,0.5999396,0.3000694
195,0.09999263,0.5999367,0.3000706
196,0.09999435,0.599934,0.3000716
197,0.09999612,0.5999315,0.3000724
198,0.09999793,0.5999292,0.3000729
199,0.09999979,0.5999271,0.3000731
200,0.1000016,0.5999253,0.300073
201,0.1000035,0.5999241,0.3000724
202,0.1000052,0.5999231,0.3000717
203,0.100007,0.5999228,0.3000704
204,0.1000086,0.5999227,0.3000687
205,0.1000101,0.5999231,0.3000667
206,0.1000115,0.5999241,0.3000644
207,0.1000128,0.5999256,0.3000617
208,0.1000139,0.5999274,0.3000586
209,0.1000149,0.5999297,0.3000554
210,0.1000158,0.5999323,0.300052
211,0.1000164,0.599935,0.3000486
212,0.100017,0.5999379,0.3000451
213,0.1000173,0.599941,0.3000415
214,0.1000176,0.5999444,0.3000382
215,0.1000177,0.5999473,0.3000351
216,0.1000176,0.5999502,0.3000322
217,0.1000175,0.5999528,0.3000297
218,0.1000172,0.5999553,0.3000275
219,0.1000168,0.5999573,0.3000259
220,0.1000163,0.599959,0.3000248
221,0.1000157,0.5999601,0.3000242
222,0.100015,0.5999609,0.3000242
223,0.1000143,0.5999608,0.300025
224,0.1000134,0.5999604,0.3000261
225,0.1000125,0.5999593,0.3000281
226,0.1000115,0.5999579,0.3000305
227,0.1000105,0.599956,0.3000335
228,0.1000094,0.5999537,0.3000369
229,0.1000083,0.5999509,0.3000408
230,0.1000071,0.5999478,0.3000451
231,0.1000059,0.5999445,0.3000497
232,0.1000046,0.599941,0.3000543
233,0.1000033,0.5999377,0.300059
234,0.100002,0.5999342,0.3000638
235,0.1000007,0.5999309,0.3000683
236,0.0999994,0.599928,0.3000726
237,0.09999805,0.5999252,0.3000768
238,0.09999673,0.5999229,0.3000803
239,0.09999542,0.5999212,0.3000834
240,0.09999413,0.5999198,0.300086
241,0.0999929,0.5999191,0.3000879
242,0.09999172,0.599919,0.3000893
243,0.09999064,0.5999196,0.3000898
244,0.09998963,0.5999206,0.3000898
245,0.09998876,0.5999223,0.3000889
246,0.09998801,0.5999245,0.3000874
247,0.09998737,0.5999272,0.3000854
248,0.09998696,0.5999305,0.3000826
249,0.09998667,0.5999339,0.3000793
250,0.09998659,0.5999377,0.3000757
251,0.0999867,0.5999417,0.3000716
252,0.09998707,0.5999458,0.3000672
253,0.09998763,0.5999497,0.3000627
254,0.09998839,0.5999536,0.300058
255,0.0999894,0.599957,0.3000535
256,0.09999061,0.5999601,0.3000491
257,0.09999207,0.5999629,0.300045
258,0.09999374,0.5999653,0.3000411
259,0.09999555,0.5999667,0.3000378
260,0.09999752,0.5999676,0.3000349
261,0.09999963,0.5999678,0.3000327
262,0.1000018,0.5999673,0.3000309
263,0.1000041,0.599966,0.3000298
264,0.1000065,0.5999641,0.3000294
265,0.1000089,0.5999615,0.3000296
266,0.1000112,0.5999583,0.3000305
267,0.1000135,0.5999546,0.3000319
268,0.1000157,0.5999504,0.3000339
269,0.1000177,0.599946,0.3000363
270,0.1000195,0.5999413,0.3000392
271,0.1000212,0.5999365,0.3000423
272,0.1000225,0.5999318,0.3000457
273,0.1000237,0.5999272,0.3000492
274,0.1000245,0.599923,0.3000526
275,0.100025,0.5999191,0.300056
276,0.1000252,0.5999157,0.3000591
277,0.100025,0.599913,0.300062
278,0.1000245,0.599911,0.3000645
279,0.1000237,0.5999097,0.3000666
280,0.1000225,0.5999094,0.3000681
281,0.100021,0.5999098,0.3000693
282,0.1000193,0.5999109,0.3000698
283,0.1000173,0.5999131,0.3000697
284,0.1000151,0.5999159,0.300069
285,0.1000126,0.5999196,0.3000678
286,0.10001,0.5999238,0.3000661
287,0.1000074,0.5999286,0.300064
288,0.1000046,0.5999337,0.3000616
289,0.1000019,0.5999393,0.3000588
290,0.0999992,0.599945,0.3000559
291,0.09999656,0.5999506,0.3000529
292,0.09999405,0.5999562,0.3000498
293,0.09999172,0.5999613,0.300047
294,0.09998959,0.599966,0.3000444
295,0.09998768,0.5999703,0.3000421
296,0.09998606,0.5999738,0.3000401
297,0.09998474,0.5999764,0.3000389
298,0.09998374,0.5999782,0.300038
299,0.09998307,0.599979,0.3000379
300,0.09998271,0.599979,0.3000384
301,0.0999827,0.5999779,0.3000394
302,0.09998303,0.5999756,0.3000413
303,0.0999837,0.5999725,0.3000438
304,0.09998464,0.5999686,0.3000467
305,0.09998582,0.5999638,0.3000503
306,0.09998725,0.5999585,0.3000543
307,0.09998887,0.5999526,0.3000585
308,0.09999066,0.5999463,0.300063
309,0.09999261,0.5999399,0.3000677
310,0.09999461,0.5999332,0.3000722
311,0.09999669,0.5999268,0.3000767
312,0.09999872,0.5999205,0.3000808
313,0.1000008,0.5999148,0.3000844
314,0.1000027,0.5999098,0.3000876
315,0.1000046,0.5999054,0.30009
316,0.1000063,0.599902,0.3000918
317,0.1000079,0.5998995,0.3000926
318,0.1000093,0.5998983,0.3000925
319,0.1000105,0.599898,0.3000915
320,0.1000115,0.5998989,0.3000895
321,0.1000124,0.5999009,0.3000868
322,0.100013,0.5999042,0.3000829
323,0.1000134,0.5999083,0.3000783
324,0.1000136,0.5999135,0.3000729
325,0.1000136,0.5999193,0.300067
326,0.1000135,0.599926,0.3000605
327,0.1000133,0.5999331,0.3000535
328,0.100013,0.5999405,0.3000464
329,0.1000126,0.5999481,0.3000392
330,0.1000121,0.5999557,0.3000322
331,0.1000116,0.5999628,0.3000256
332,0.100011,0.5999696,0.3000193
333,0.1000105,0.5999756,0.3000138
334,0.1000101,0.5999808,0.3000091
335,0.1000096,0.5999851,0.3000053
336,0.1000092,0.5999882,0.3000026
337,0.1000089,0.59999,0.300001
338,0.1000087,0.5999906,0.3000008
339,0.1000085,0.59999,0.3000016
340,0.1000083,0.5999878,0.3000038
341,0.1000083,0.5999845,0.3000073
342,0.1000082,0.5999799,0.3000119
343,0.1000081,0.5999742,0.3000176
344,0.1000081,0.5999676,0.3000243
345,0.100008,0.5999603,0.3000318
346,0.1000079,0.5999522,0.3000399
347,0.1000077,0.5999438,0.3000485
348,0.1000075,0.5999351,0.3000575
349,0.1000071,0.5999265,0.3000664
350,0.1000066,0.5999181,0.3000753
351,0.1000059,0.5999104,0.3000837
352,0.1000051,0.5999033,0.3000915
353,0.1000042,0.5998971,0.3000987
354,0.1000031,0.599892,0.3001049
355,0.1000018,0.5998882,0.30011
356,0.1000005,0.5998858,0.3001137
357,0.09999894,0.599885,0.3001162
358,0.0999973,0.5998855,0.3001173
359,0.09999563,0.5998875,0.3001169
360,0.09999388,0.5998911,0.3001148
361,0.09999219,0.5998963,0.3001116
362,0.09999048,0.5999026,0.3001069
363,0.09998886,0.59991,0.3001012
364,0.09998736,0.5999185,0.3000941
365,0.09998598,0.5999277,0.3000864
366,0.09998484,0.5999375,0.3000777
367,0.09998393,0.5999474,0.3000687
368,0.0999833,0.5999574,0.3000593
369,0.09998302,0.5999671,0.3000498
370,0.09998308,0.5999764,0.3000406
371,0.09998346,0.5999847,0.3000318
372,0.09998424,0.5999921,0.3000236
373,0.09998541,0.5999982,0.3000164
374,0.09998693,0.6000029,0.3000102
375,0.09998887,0.600006,0.3000051
376,0.09999109,0.6000073,0.3000015
377,0.0999937,0.600007,0.2999993
378,0.09999653,0.6000047,0.2999987
379,0.09999957,0.6000007,0.2999996
380,0.1000028,0.5999953,0.3000019
381,0.1000062,0.5999882,0.3000056
382,0.1000096,0.5999796,0.3000108
383,0.100013,0.59997,0.3000171
384,0.1000163,0.5999592,0.3000245
385,0.1000194,0.599948,0.3000326
386,0.1000223,0.5999362,0.3000414
387,0.1000249,0.5999246,0.3000505
388,0.1000272,0.599913,0.3000599
389,0.100029,0.5999023,0.3000687
390,0.1000304,0.5998921,0.3000775
391,0.1000313,0.5998834,0.3000854
392,0.1000316,0.5998757,0.3000926
393,0.1000315,0.59987,0.3000985
394,0.1000308,0.5998659,0.3001033
395,0.1000296,0.5998639,0.3001066
396,0.1000278,0.5998638,0.3001083
397,0.1000256,0.5998658,0.3001086
398,0.1000229,0.5998699,0.3001072
399,0.1000198,0.5998758,0.3001044
400,0.1000164,0.5998839,0.3000998
401,0.1000127,0.5998935,0.3000939
402,0.1000088,0.5999045,0.3000867
403,0.1000048,0.5999167,0.3000786
404,0.1000008,0.5999297,0.3000695
405,0.09999687,0.5999433,0.3000598
406,0.09999306,0.5999571,0.3000498
407,0.09998944,0.5999706,0.30004
408,0.09998614,0.5999836,0.3000303
409,0.09998315,0.5999957,0.3000211
410,0.09998062,0.6000065,0.3000128
411,0.0999786,0.6000158,0.3000056
412,0.09997706,0.6000231,0.2999998
413,0.09997609,0.6000285,0.2999954
414,0.09997568,0.6000315,0.2999928
415,0.09997585,0.6000323,0.2999918
416,0.09997651,0.6000305,0.2999929
417,0.09997775,0.6000264,0.2999958
418,0.09997945,0.6000201,0.3000005
419,0.09998161,0.6000115,0.3000069
420,0.09998411,0.6000009,0.3000151
421,0.09998699,0.5999884,0.3000246
422,0.0999901,0.5999746,0.3000354
423,0.09999337,0.5999597,0.300047
424,0.09999675,0.599944,0.3000593
425,0.1000001,0.599928,0.3000719
426,0.1000034,0.5999122,0.3000845
427,0.1000066,0.5998969,0.3000965
428,0.1000094,0.5998825,0.3001081
429,0.100012,0.5998694,0.3001184
430,0.1000143,0.5998583,0.3001274
431,0.1000162,0.599849,0.3001347
432,0.1000176,0.5998423,0.3001401
433,0.1000186,0.5998378,0.3001435
434,0.1000191,0.5998363,0.3001447
435,0.1000191,0.5998374,0.3001434
436,0.1000187,0.5998414,0.3001399
437,0.1000179,0.5998481,0.300134
438,0.1000167,0.5998574,0.300126
439,0.1000151,0.599869,0.3001157
440,0.1000133,0.5998828,0.3001038
441,0.1000113,0.5998984,0.3000903
442,0.1000092,0.5999153,0.3000755
443,0.1000069,0.5999333,0.3000598
444,0.1000047,0.5999516,0.3000437
445,0.1000026,0.59997,0.3000273
446,0.1000007,0.5999879,0.3000114
447,0.09999896,0.6000049,0.2999962
448,0.0999975,0.6000203,0.2999822
449,0.0999964,0.6000338,0.2999698
450,0.09999566,0.6000451,0.2999592
451,0.09999533,0.6000538,0.2999509
452,0.09999541,0.6000596,0.2999449
453,0.09999591,0.6000623,0.2999418
454,0.09999681,0.6000616,0.2999416
455,0.09999811,0.6000577,0.2999442
456,0.09999974,0.6000508,0.2999494
457,0.1000016,0.6000407,0.2999577
458,0.1000038,0.6000277,0.2999685
459,0.100006,0.6000124,0.2999816
460,0.1000084,0.5999947,0.2999969
461,0.1000108,0.5999754,0.3000138
462,0.100013,0.599955,0.300032
463,0.1000151,0.5999339,0.3000511
464,0.1000169,0.5999126,0.3000705
465,0.1000183,0.5998917,0.30009
466,0.1000194,0.5998719,0.3001087
467,0.1000199,0.5998535,0.3001265
468,0.10002,0.5998375,0.3001426
469,0.1000195,0.5998238,0.3001566
470,0.1000186,0.5998133,0.3001682
471,0.100017,0.5998058,0.3001772
472,0.1000148,0.5998021,0.3001832
473,0.1000122,0.599802,0.3001858
474,0.1000091,0.5998056,0.3001853
475,0.1000056,0.599813,0.3001814
476,0.1000018,0.5998237,0.3001744
477,0.09999777,0.599838,0.3001643
478,0.09999361,0.5998553,0.3001511
479,0.09998938,0.5998752,0.3001354
480,0.09998528,0.5998971,0.3001176
481,0.09998134,0.5999206,0.3000981
482,0.09997766,0.5999451,0.3000772
483,0.09997445,0.5999697,0.3000558
484,0.09997173,0.5999941,0.3000341
485,0.09996966,0.6000175,0.3000128
486,0.09996824,0.6000391,0.2999927
487,0.09996756,0.6000585,0.299974
488,0.09996773,0.6000749,0.2999573
489,0.09996867,0.6000882,0.2999432
490,0.09997047,0.6000975,0.299932
491,0.09997309,0.600103,0.2999239
492,0.09997652,0.600104,0.2999195
493,0.09998064,0.6001008,0.2999186
494,0.09998547,0.6000932,0.2999214
495,0.09999083,0.6000813,0.2999279
496,0.09999663,0.6000655,0.2999379
497,0.1000027,0.6000461,0.2999512
498,0.100009,0.6000234,0.2999675
499,0.1000154,0.5999984,0.2999864
500,0.1000216,0.5999713,0.3000071
501,0.1000275,0.599943,0.3000295
502,0.100033,0.5999142,0.3000528
503,0.100038,0.5998856,0.3000764
504,0.1000423,0.5998582,0.3000996
505,0.1000457,0.5998325,0.3001218
506,0.1000483,0.5998093,0.3001423
507,0.1000499,0.5997893,0.3001608
508,0.1000504,0.599773,0.3001765
509,0.1000499,0.599761,0.300189
510,0.1000484,0.5997537,0.300198
511,0.1000457,0.5997512,0.300203
512,0.1000421,0.5997537,0.300204
513,0.1000376,0.5997615,0.3002009
514,0.1000323,0.5997741,0.3001936
515,0.1000263,0.5997913,0.3001824
516,0.1000197,0.5998129,0.3001674
517,0.1000127,0.5998383,0.3001491
518,0.1000053,0.5998669,0.3001278
519,0.09999799,0.5998978,0.3001043
520,0.0999907,0.5999305,0.3000789
521,0.09998366,0.5999641,0.3000523
522,0.09997705,0.5999973,0.3000256
523,0.09997101,0.6000298,0.2999993
524,0.09996576,0.6000603,0.2999739
525,0.09996137,0.6000881,0.2999505
526,0.09995796,0.6001126,0.2999295
527,0.09995563,0.6001326,0.2999117
528,0.09995443,0.6001481,0.2998975
529,0.09995441,0.600158,0.2998875
530,0.09995554,0.6001624,0.2998821
531,0.09995784,0.6001609,0.2998812
532,0.09996122,0.6001534,0.2998853
533,0.09996559,0.6001401,0.2998943
534,0.09997086,0.6001214,0.2999077
535,0.09997687,0.6000974,0.2999257
536,0.09998345,0.6000688,0.2999477
537,0.09999045,0.6000364,0.2999731
538,0.09999774,0.600001,0.3000011
539,0.100005,0.5999637,0.3000315
540,0.1000122,0.5999247,0.3000631
541,0.100019,0.5998859,0.3000951
542,0.1000252,0.5998479,0.3001269
543,0.1000308,0.5998119,0.3001573
544,0.1000356,0.5997787,0.3001858
545,0.1000394,0.5997494,0.3002112
546,0.1000422,0.5997247,0.300233
547,0.1000438,0.5997056,0.3002506
548,0.1000443,0.5996926,0.3002633
549,0.1000435,0.5996857,0.3002708
550,0.1000417,0.5996857,0.3002726
551,0.1000388,0.5996925,0.3002687
552,0.1000348,0.5997062,0.3002589
553,0.10003,0.5997263,0.3002437
554,0.1000243,0.5997524,0.3002232
555,0.1000181,0.5997842,0.3001977
556,0.1000115,0.5998206,0.3001679
557,0.1000046,0.5998606,0.3001348
558,0.09999769,0.5999036,0.3000987
559,0.09999092,0.5999482,0.3000608
560,0.09998447,0.5999933,0.3000223
561,0.09997856,0.6000378,0.2999837
562,0.09997341,0.6000803,0.2999462
563,0.09996912,0.6001197,0.2999111
564,0.09996587,0.600155,0.2998791
565,0.09996378,0.600185,0.2998512
566,0.0999629,0.600209,0.2998281
567,0.09996326,0.6002259,0.2998107
568,0.09996493,0.6002356,0.2997994
569,0.09996787,0.6002374,0.2997947
570,0.09997194,0.6002313,0.2997967
571,0.09997714,0.6002173,0.2998056
572,0.09998327,0.6001955,0.2998211
573,0.09999023,0.6001667,0.2998431
574,0.09999777,0.6001313,0.299871
575,0.1000057,0.6000902,0.2999041
576,0.1000138,0.6000445,0.2999418
577,0.1000217,0.5999952,0.2999831
578,0.1000294,0.5999438,0.3000267
579,0.1000365,0.5998914,0.300072
580,0.1000428,0.5998397,0.3001174
581,0.1000482,0.5997899,0.3001619
582,0.1000523,0.5997434,0.3002042
583,0.1000552,0.5997015,0.3002433
584,0.1000566,0.5996653,0.300278
585,0.1000566,0.5996363,0.3003072
586,0.100055,0.5996146,0.3003304
587,0.1000519,0.5996016,0.3003466
588,0.1000473,0.5995974,0.3003553
589,0.1000413,0.5996023,0.3003565
590,0.1000341,0.5996162,0.3003497
591,0.1000257,0.5996394,0.3003349
592,0.1000164,0.5996708,0.3003127
593,0.1000065,0.59971,0.3002836
594,0.09999609,0.5997561,0.3002479
595,0.09998553,0.5998078,0.3002067
596,0.09997503,0.5998639,0.3001611
597,0.09996492,0.5999231,0.300112
598,0.09995545,0.5999836,0.3000609
599,0.0999469,0.6000441,0.300009
600,0.09993955,0.6001027,0.2999578
601,0.09993359,0.600158,0.2999084
602,0.09992925,0.6002081,0.2998627
603,0.09992664,0.6002519,0.2998215
604,0.09992588,0.6002881,0.299786
605,0.09992713,0.6003154,0.2997575
606,0.09993038,0.6003331,0.2997365
607,0.09993557,0.6003405,0.299724
608,0.09994262,0.6003371,0.2997203
609,0.09995139,0.600323,0.2997256
610,0.09996169,0.6002984,0.29974
611,0.09997334,0.6002638,0.2997629
612,0.09998599,0.6002197,0.2997943
613,0.09999935,0.6001677,0.299833
614,0.1000131,0.6001086,0.2998783
615,0.1000268,0.6000441,0.2999291
616,0.1000403,0.5999759,0.2999839
617,0.100053,0.5999057,0.3000413
618,0.1000647,0.5998353,0.3001
619,0.1000751,0.5997667,0.3001583
620,0.1000838,0.5997017,0.3002145
621,0.1000906,0.5996421,0.3002673
622,0.1000954,0.5995896,0.3003149
623,0.1000979,0.5995456,0.3003565
624,0.1000981,0.5995115,0.3003904
625,0.100096,0.5994885,0.3004155
626,0.1000916,0.5994771,0.3004313
627,0.1000849,0.5994779,0.3004372
628,0.1000761,0.5994912,0.3004327
629,0.1000655,0.5995165,0.300418
630,0.1000531,0.5995536,0.3003932
631,0.1000394,0.5996017,0.3003588
632,0.1000247,0.5996597,0.3003156
633,0.1000093,0.5997262,0.3002646
634,0.09999347,0.5997994,0.3002071
635,0.09997783,0.5998775,0.3001447
636,0.09996258,0.5999587,0.3000787
637,0.09994822,0.6000407,0.300011
638,0.09993508,0.6001213,0.2999436
639,0.09992354,0.6001984,0.299878
640,0.09991389,0.6002699,0.2998163
641,0.09990642,0.6003334,0.2997602
642,0.09990137,0.6003875,0.2997111
643,0.0998989,0.6004304,0.2996707
644,0.09989912,0.6004607,0.2996401
645,0.09990203,0.6004775,0.2996205
646,0.09990764,0.6004801,0.2996123
647,0.09991582,0.600468,0.2996162
648,0.09992631,0.6004416,0.2996321
649,0.09993894,0.6004012,0.2996599
650,0.09995335,0.6003477,0.2996989
651,0.09996916,0.6002826,0.2997483
652,0.09998594,0.6002071,0.299807
653,0.1000032,0.6001233,0.2998734
654,0.1000206,0.6000333,0.2999462
655,0.1000375,0.5999394,0.300023
656,0.1000535,0.5998444,0.3001021
657,0.1000682,0.5997503,0.3001815
658,0.1000811,0.59966,0.300259
659,0.1000919,0.5995758,0.3003323
660,0.1001003,0.5995002,0.3003995
661,0.1001061,0.5994352,0.3004587
662,0.1001091,0.5993825,0.3005084
663,0.1001093,0.5993441,0.3005467
664,0.1001065,0.5993209,0.3005726
665,0.1001009,0.599314,0.3005852
666,0.1000926,0.5993233,0.3005839
667,0.1000818,0.5993496,0.3005686
668,0.1000688,0.599392,0.3005392
669,0.1000539,0.5994495,0.3004965
670,0.1000375,0.5995213,0.3004413
671,0.1000199,0.5996053,0.3003748
672,0.1000016,0.5996996,0.3002988
673,0.09998322,0.599802,0.3002148
674,0.09996506,0.5999095,0.3001254
675,0.0999477,0.6000197,0.3000326
676,0.09993164,0.6001295,0.2999389
677,0.09991734,0.6002362,0.2998466
678,0.09990519,0.6003363,0.2997585
679,0.09989566,0.6004276,0.2996767
680,0.09988894,0.600507,0.2996041
681,0.09988537,0.6005724,0.2995422
682,0.09988513,0.6006216,0.2994932
683,0.09988832,0.6006534,0.2994583
684,0.09989488,0.6006661,0.299439
685,0.09990473,0.6006593,0.299436
686,0.09991763,0.6006331,0.2994493
687,0.09993325,0.6005876,0.2994792
688,0.09995124,0.6005238,0.299525
689,0.09997111,0.6004432,0.2995856
690,0.09999225,0.6003478,0.2996599
691,0.1000142,0.6002401,0.2997457
692,0.1000361,0.6001225,0.2998414
693,0.1000576,0.5999983,0.2999441
694,0.1000779,0.5998707,0.3000514
695,0.1000964,0.5997429,0.3001606
696,0.1001127,0.5996188,0.3002686
697,0.1001261,0.5995013,0.3003727
698,0.1001364,0.5993937,0.30047
699,0.1001432,0.5992991,0.3005577
700,0.1001463,0.5992203,0.3006335
701,0.1001454,0.5991594,0.3006952
702,0.1001408,0.5991184,0.3007408
703,0.1001324,0.5990985,0.300769
704,0.1001203,0.5991008,0.3007789
705,0.1001049,0.5991253,0.3007697
706,0.1000865,0.5991721,0.3007414
707,0.1000655,0.5992398,0.3006946
708,0.1000424,0.5993274,0.3006302
709,0.1000178,0.5994327,0.3005495
710,0.09999217,0.5995533,0.3004545
711,0.09996626,0.5996862,0.3003476
712,0.09994065,0.599828,0.3002313
713,0.09991605,0.5999752,0.3001088
714,0.09989308,0.6001239,0.299983
715,0.09987242,0.60027,0.2998576
716,0.09985465,0.6004096,0.2997358
717,0.09984037,0.6005388,0.2996208
718,0.09982999,0.6006538,0.2995161
719,0.09982395,0.6007515,0.2994245
720,0.09982257,0.6008287,0.2993488
721,0.09982602,0.6008829,0.299291
722,0.09983427,0.6009123,0.2992533
723,0.09984733,0.6009158,0.2992369
724,0.09986489,0.6008926,0.2992426
725,0.09988657,0.6008432,0.2992702
726,0.09991189,0.6007686,0.2993195
727,0.0999402,0.60067,0.2993897
728,0.09997074,0.6005504,0.2994789
729,0.1000027,0.6004122,0.299585
730,0.1000352,0.6002593,0.2997055
731,0.1000673,0.6000955,0.2998372
732,0.1000982,0.5999249,0.2999769
733,0.1001269,0.5997524,0.3001207
734,0.1001527,0.5995821,0.300265
735,0.1001749,0.5994191,0.300406
736,0.1001928,0.5992674,0.3005397
737,0.100206,0.5991315,0.3006625
738,0.100214,0.5990151,0.3007709
739,0.1002167,0.5989213,0.300862
740,0.100214,0.5988531,0.300933
741,0.1002059,0.5988127,0.3009814
742,0.1001926,0.5988014,0.301006
743,0.1001744,0.5988202,0.3010055
744,0.1001517,0.5988686,0.3009797
745,0.1001251,0.5989463,0.3009287
746,0.100095,0.5990515,0.3008536
747,0.1000623,0.5991821,0.3007557
748,0.1000276,0.5993347,0.3006378
749,0.09999173,0.5995062,0.3005021
750,0.09995563,0.599692,0.3003524
751,0.09992015,0.5998875,0.3001924
752,0.09988619,0.6000875,0.3000262
753,0.09985465,0.600287,0.2998584
754,0.09982639,0.6004804,0.2996932
755,0.09980223,0.6006623,0.2995354
756,0.09978294,0.6008276,0.2993895
757,0.0997691,0.6009715,0.2992593
758,0.09976131,0.6010897,0.299149
759,0.09975998,0.6011785,0.2990616
760,0.09976521,0.6012347,0.2990001
761,0.09977707,0.6012564,0.2989664
762,0.09979536,0.6012426,0.298962
763,0.09981972,0.601193,0.2989873
764,0.09984955,0.6011081,0.2990423
765,0.09988405,0.6009902,0.2991258
766,0.09992231,0.6008418,0.2992359
767,0.09996326,0.6006666,0.2993701
768,0.1000057,0.6004692,0.2995252
769,0.1000485,0.6002542,0.2996973
770,0.1000903,0.600028,0.2998818
771,0.1001299,0.5997958,0.3000743
772,0.1001663,0.5995643,0.3002694
773,0.1001983,0.5993394,0.3004623
774,0.1002252,0.5991273,0.3006475
775,0.1002461,0.5989336,0.3008202
776,0.1002606,0.5987639,0.3009754
777,0.1002684,0.5986226,0.3011089
778,0.1002691,0.598514,0.3012168
779,0.1002629,0.5984412,0.3012959
780,0.1002498,0.5984069,0.3013434
781,0.1002303,0.5984121,0.3013576
782,0.1002048,0.5984575,0.3013377
783,0.1001738,0.5985427,0.3012835
784,0.100138,0.598666,0.3011959
785,0.1000984,0.5988249,0.3010767
786,0.1000558,0.5990158,0.3009285
787,0.1000112,0.5992343,0.3007545
788,0.09996551,0.5994751,0.3005594
789,0.09992003,0.5997325,0.3003475
790,0.09987582,0.5999995,0.3001246
791,0.09983408,0.6002695,0.2998964
792,0.09979591,0.6005348,0.2996693
793,0.09976242,0.6007887,0.2994489
794,0.09973476,0.6010236,0.2992416
795,0.09971384,0.6012328,0.2990534
796,0.09970041,0.6014101,0.2988895
797,0.0996952,0.6015499,0.2987548
798,0.09969864,0.6016479,0.2986535
799,0.09971087,0.6017004,0.2985887
800,0.09973184,0.6017051,0.298563
801,0.09976115,0.6016615,0.2985774
802,0.09979815,0.6015697,0.2986323
803,0.09984192,0.6014314,0.2987266
804,0.09989123,0.6012504,0.2988584
805,0.0999447,0.6010306,0.2990247
806,0.1000007,0.6007777,0.2992215
807,0.1000576,0.6004984,0.2994439
808,0.1001138,0.6001999,0.2996863
809,0.1001673,0.5998901,0.2999426
810,0.1002168,0.5995771,0.3002061
811,0.1002608,0.5992694,0.3004698
812,0.100298,0.5989753,0.3007266
813,0.1003273,0.5987026,0.30097
814,0.1003482,0.5984586,0.3011932
815,0.10036,0.5982502,0.3013899
816,0.1003625,0.5980828,0.3015548
817,0.1003556,0.5979614,0.301683
818,0.1003396,0.59789,0.3017704
819,0.1003149,0.5978708,0.3018142
820,0.1002821,0.5979052,0.3018126
821,0.100242,0.5979932,0.3017648
822,0.1001953,0.5981333,0.3016713
823,0.1001431,0.5983229,0.3015339
824,0.1000866,0.5985581,0.3013553
825,0.100027,0.5988335,0.3011394
826,0.09996554,0.5991428,0.3008917
827,0.09990361,0.5994784,0.300618
828,0.0998427,0.5998319,0.3003254
829,0.09978432,0.6001943,0.3000214
830,0.09972998,0.6005559,0.2997141
831,0.09968125,0.6009069,0.2994118
832,0.09963959,0.6012376,0.2991228
833,0.09960648,0.6015383,0.2988552
834,0.0995831,0.6017999,0.2986169
835,0.09957058,0.6020148,0.2984146
836,0.09956974,0.6021759,0.2982544
837,0.09958104,0.6022776,0.2981414
838,0.09960461,0.602316,0.2980794
839,0.09964024,0.602289,0.2980707
840,0.09968719,0.6021965,0.2981164
841,0.09974436,0.6020396,0.298216
842,0.0998103,0.6018223,0.2983675
843,0.09988301,0.6015497,0.2985673
844,0.09996039,0.6012287,0.2988109
845,0.1000401,0.6008676,0.2990922
846,0.1001197,0.6004763,0.2994041
847,0.1001967,0.6000648,0.2997385
848,0.1002689,0.5996442,0.300087
849,0.100334,0.5992258,0.3004403
850,0.1003904,0.5988206,0.300789
851,0.1004364,0.5984396,0.301124
852,0.100471,0.5980927,0.3014362
853,0.1004935,0.5977893,0.3017173
854,0.1005034,0.5975373,0.3019593
855,0.1005006,0.597344,0.3021554
856,0.1004855,0.5972149,0.3022996
857,0.1004584,0.5971541,0.3023875
858,0.1004202,0.5971639,0.302416
859,0.1003717,0.5972453,0.3023828
860,0.100314,0.5973973,0.3022887
861,0.1002484,0.5976176,0.302134
862,0.1001761,0.5979016,0.3019222
863,0.1000987,0.5982435,0.3016578
864,0.1000177,0.5986357,0.3013467
865,0.0999347,0.5990686,0.3009967
866,0.09985159,0.5995322,0.3006162
867,0.09977025,0.6000146,0.3002151
868,0.09969264,0.6005032,0.2998041
869,0.09962094,0.600985,0.299394
870,0.09955712,0.6014464,0.2989964
871,0.09950325,0.6018745,0.2986223
872,0.09946126,0.6022564,0.2982823
873,0.09943291,0.6025805,0.2979866
874,0.09941969,0.6028365,0.2977438
875,0.09942272,0.6030158,0.2975615
876,0.09944259,0.6031118,0.2974456
877,0.09947944,0.6031205,0.2974
878,0.09953272,0.60304,0.2974273
879,0.09960127,0.6028712,0.2975275
880,0.09968328,0.6026177,0.2976991
881,0.09977638,0.6022854,0.2979382
882,0.09987771,0.601883,0.2982393
883,0.099984,0.6014211,0.298595
884,0.1000918,0.6009119,0.2989964
885,0.1001976,0.6003692,0.2994332
886,0.100298,0.5998078,0.2998941
887,0.10039,0.5992425,0.3003674
888,0.100471,0.5986887,0.3008403
889,0.1005387,0.5981606,0.3013007
890,0.1005915,0.5976722,0.3017363
891,0.1006284,0.5972364,0.3021351
892,0.1006488,0.5968644,0.3024868
893,0.1006526,0.596566,0.3027814
894,0.1006401,0.5963491,0.3030108
895,0.1006122,0.5962203,0.3031674
896,0.1005696,0.5961838,0.3032466
897,0.1005136,0.5962415,0.3032448
898,0.1004454,0.5963942,0.3031605
899,0.1003665,0.5966392,0.3029944
900,0.1002784,0.5969724,0.3027492
901,0.1001828,0.5973874,0.3024298
902,0.1000814,0.5978754,0.3020431
903,0.09997619,0.5984256,0.3015981
904,0.09986913,0.5990251,0.3011057
905,0.09976251,0.5996594,0.3005781
906,0.09965871,0.6003121,0.3000292
907,0.09956033,0.6009662,0.2994735
908,0.09947007,0.6016036,0.2989264
909,0.09939078,0.6022062,0.2984031
910,0.09932523,0.6027563,0.2979184
911,0.09927609,0.6032373,0.2974866
912,0.09924585,0.6036341,0.29712
913,0.09923658,0.6039332,0.2968302
914,0.09924976,0.6041242,0.296626
915,0.09928613,0.6041995,0.2965144
916,0.09934572,0.6041548,0.2964995
917,0.09942757,0.6039894,0.2965829
918,0.09952971,0.6037063,0.296764
919,0.09964917,0.603312,0.2970388
920,0.09978218,0.6028165,0.2974013
921,0.0999243,0.6022334,0.2978423
922,0.1000706,0.6015781,0.2983513
923,0.1002158,0.6008692,0.2989151
924,0.1003552,0.6001259,0.299519
925,0.100484,0.5993686,0.3001474
926,0.1005984,0.5986177,0.3007839
927,0.1006951,0.5978928,0.3014122
928,0.1007718,0.5972127,0.3020155
929,0.1008271,0.5965948,0.3025782
930,0.1008602,0.5960543,0.3030855
931,0.1008712,0.5956052,0.3035235
932,0.1008607,0.5952586,0.3038807
933,0.1008298,0.5950236,0.3041465
934,0.1007798,0.5949072,0.304313
935,0.1007123,0.5949134,0.3043743
936,0.1006291,0.5950441,0.3043269
937,0.1005319,0.5952983,0.3041698
938,0.1004225,0.5956728,0.3039049
939,0.1003028,0.5961607,0.3035366
940,0.1001747,0.5967526,0.3030727
941,0.1000401,0.5974368,0.3025231
942,0.09990153,0.5981979,0.3019006
943,0.09976119,0.5990182,0.3012206
944,0.09962188,0.5998776,0.3005005
945,0.09948672,0.6007538,0.2997595
946,0.09935904,0.6016235,0.2990175
947,0.09924256,0.6024619,0.2982956
948,0.09914114,0.6032448,0.2976141
949,0.09905874,0.6039484,0.2969929
950,0.09899926,0.6045507,0.2964501
951,0.0989662,0.6050318,0.296002
952,0.09896252,0.6053753,0.2956622
953,0.0989904,0.6055682,0.2954414
954,0.099051,0.6056018,0.2953473
955,0.09914403,0.6054721,0.2953839
956,0.09926786,0.6051802,0.2955519
957,0.0994192,0.6047324,0.2958483
958,0.09959335,0.6041399,0.2962667
959,0.0997842,0.6034188,0.2967971
960,0.09998462,0.6025889,0.2974264
961,0.1001872,0.6016746,0.2981383
962,0.1003843,0.6007012,0.2989144
963,0.100569,0.5996966,0.2997344
964,0.100735,0.5986881,0.3005769
965,0.1008776,0.5977025,0.3014199
966,0.1009933,0.5967651,0.3022417
967,0.1010798,0.5958995,0.3030209
968,0.1011363,0.5951262,0.3037375
969,0.1011631,0.5944638,0.3043731
970,0.1011612,0.5939277,0.3049111
971,0.1011323,0.5935306,0.3053372
972,0.1010786,0.5932824,0.305639
973,0.1010023,0.5931905,0.3058072
974,0.1009059,0.593259,0.3058351
975,0.1007916,0.5934889,0.3057195
976,0.1006615,0.5938786,0.3054598
977,0.1005177,0.5944225,0.3050597
978,0.1003621,0.5951118,0.304526
979,0.1001967,0.5959342,0.3038691
980,0.1000236,0.5968729,0.3031036
981,0.09984513,0.5979074,0.3022475
982,0.09966393,0.5990142,0.3013218
983,0.09948342,0.6001657,0.3003509
984,0.09930738,0.6013317,0.2993609
985,0.09914024,0.6024801,0.2983797
986,0.09898707,0.6035776,0.2974353
987,0.09885335,0.6045913,0.2965553
988,0.09874474,0.6054898,0.2957655
989,0.0986669,0.6062438,0.2950892
990,0.09862518,0.6068283,0.2945466
991,0.09862405,0.6072217,0.2941543
992,0.09866692,0.6074088,0.2939243
993,0.09875557,0.6073793,0.2938651
994,0.09888981,0.6071302,0.29398
995,0.09906696,0.606665,0.2942681
996,0.09928187,0.6059942,0.2947239
997,0.09952699,0.6051362,0.2953369
998,0.09979255,0.6041152,0.2960922
999,0.1000676,0.602962,0.2969705
1000,0.1003406,0.6017105,0.2979489
1001,0.1006006,0.6003979,0.2990015
1002,0.1008378,0.5990618,0.3001005
1003,0.1010443,0.5977386,0.301217
1004,0.1012149,0.596463,0.3023221
1005,0.101346,0.5952662,0.3033878
1006,0.1014366,0.5941761,0.3043873
1007,0.1014873,0.5932168,0.3052959
1008,0.1015,0.592409,0.3060911
1009,0.1014775,0.5917694,0.3067532
1010,0.1014232,0.5913122,0.3072645
1011,0.1013408,0.5910479,0.3076111
1012,0.1012338,0.5909842,0.307782
1013,0.1011053,0.5911252,0.3077694
1014,0.1009581,0.5914723,0.3075697
1015,0.1007943,0.5920226,0.307183
1016,0.1006161,0.5927698,0.3066141
1017,0.1004249,0.5937023,0.3058726
1018,0.1002223,0.5948049,0.3049727
1019,0.10001,0.5960565,0.3039336
1020,0.09978979,0.5974306,0.3027797
1021,0.0995646,0.5988957,0.3015397
1022,0.09933793,0.6004154,0.3002466
1023,0.09911439,0.6019496,0.298936
1024,0.09889974,0.6034542,0.297646
1025,0.09870069,0.6048848,0.2964146
1026,0.09852485,0.6061972,0.295278
1027,0.09838032,0.6073494,0.2942703
1028,0.09827536,0.6083037,0.293421
1029,0.09821791,0.6090274,0.2927547
1030,0.09821505,0.6094941,0.2922908
1031,0.09827236,0.6096844,0.2920433
1032,0.09839313,0.6095864,0.2920205
1033,0.09857765,0.6091969,0.2922255
1034,0.09882251,0.6085216,0.2926558
1035,0.09912009,0.6075773,0.2933026
1036,0.09945861,0.6063902,0.2941512
1037,0.09982282,0.6049964,0.2951808
1038,0.1001955,0.6034402,0.2963644
1039,0.1005591,0.6017708,0.2976702
1040,0.1008976,0.6000394,0.2990631
1041,0.1011977,0.5982969,0.3005054
1042,0.1014501,0.5965905,0.3019593
1043,0.101649,0.5949632,0.3033879
1044,0.1017923,0.5934523,0.3047555
1045,0.1018808,0.5920892,0.3060299
1046,0.1019178,0.5909008,0.3071814
1047,0.1019079,0.5899088,0.3081833
1048,0.1018566,0.5891314,0.3090121
1049,0.1017696,0.5885829,0.3096473
1050,0.1016527,0.5882749,0.3100724
1051,0.1015106,0.5882159,0.3102735
1052,0.1013475,0.5884111,0.3102414
1053,0.1011665,0.5888625,0.309971
1054,0.1009699,0.5895681,0.309462
1055,0.1007589,0.5905214,0.3087197
1056,0.1005342,0.5917107,0.3077551
1057,0.1002962,0.5931181,0.3065858
1058,0.1000453,0.5947195,0.3052353
1059,0.0997825,0.596483,0.3037345
1060,0.09950976,0.5983695,0.3021207
1061,0.09923051,0.6003326,0.3004368
1062,0.09894972,0.6023194,0.2987309
1063,0.0986743,0.6042722,0.2970535
1064,0.09841294,0.6061311,0.2954559
1065,0.09817571,0.6078372,0.2939871
1066,0.09797395,0.6093351,0.2926909
1067,0.09781937,0.6105761,0.2916045
1068,0.09773951,0.6115354,0.290725
1069,0.09788886,0.612278,0.2898331
1070,0.09809943,0.6122732,0.2896273
1071,0.09834224,0.6117609,0.2898969
1072,0.09858785,0.6108786,0.2905335
1073,0.09884316,0.6097581,0.2913988
1074,0.0991471,0.6084786,0.2923743
1075,0.09949265,0.6069953,0.293512
1076,0.09986626,0.6053219,0.2948118
1077,0.1002495,0.6034957,0.2962549
1078,0.1006225,0.6015664,0.2978112
1079,0.1009671,0.5995881,0.2994448
1080,0.1012687,0.5976156,0.3011157
1081,0.1015173,0.5956992,0.3027836
1082,0.1017074,0.5938838,0.3044087
1083,0.101838,0.592208,0.3059539
1084,0.1019113,0.5907038,0.3073848
1085,0.1019318,0.5893978,0.3086704
1086,0.1019055,0.5883117,0.3097829
1087,0.1018394,0.587463,0.3106976
1088,0.1017403,0.586866,0.3113935
1089,0.1016144,0.5865329,0.3118528
1090,0.1014671,0.5864718,0.3120612
1091,0.1013028,0.5866886,0.3120085
1092,0.1011244,0.5871863,0.3116892
1093,0.1009337,0.5879634,0.3111029
1094,0.1007313,0.5890138,0.3102551
1095,0.100517,0.5903257,0.3091573
1096,0.10029,0.5918815,0.3078285
1097,0.1000498,0.5936553,0.3062949
1098,0.09979612,0.5956142,0.3045897
1099,0.09953,0.5977153,0.3027547
1100,0.09925419,0.5999082,0.3008376
1101,0.09897329,0.6021343,0.2988923
1102,0.09869424,0.604329,0.2969767
1103,0.09842615,0.6064249,0.295149
1104,0.09818007,0.6083556,0.2934644
1105,0.09796841,0.6100591,0.2919725
1106,0.09780426,0.6114811,0.2907147
1107,0.09785328,0.6127325,0.2894142
1108,0.09804536,0.6133255,0.2886292
1109,0.09829194,0.6132188,0.2884893
1110,0.09856078,0.6126138,0.2888254
1111,0.09882364,0.6116418,0.2895345
1112,0.09906542,0.6104122,0.2905223
1113,0.09935337,0.6090742,0.2915724
1114,0.09968346,0.6075476,0.2927689
1115,0.1000439,0.6058326,0.2941234
1116,0.1004167,0.6039613,0.2956221
1117,0.1007814,0.6019809,0.2972377
1118,0.101119,0.5999458,0.2989352
1119,0.1014139,0.5979116,0.3006745
1120,0.1016552,0.5959297,0.3024151
1121,0.1018372,0.5940467,0.3041162
1122,0.1019584,0.5923023,0.3057393
1123,0.1020211,0.5907298,0.3072492
1124,0.1020299,0.5893561,0.308614
1125,0.1019914,0.588204,0.3098046
1126,0.1019127,0.5872913,0.310796
1127,0.101801,0.5866334,0.3115656
1128,0.1016631,0.5862418,0.3120951
1129,0.1015047,0.5861265,0.3123688
1130,0.1013304,0.5862939,0.3123756
