EwEVersion,"6.6.7.17812 (compiled 28/02/2022)"
Date,"26/02/2023 11:47:51 AM"
ModelName,CS_model_V1_110722
EcosimScenario,"New Ecosim scenario"
TimeSeries,(none)
StartYear,2020

Data,"Prey of Yellowtail Scad"

timestep\group,"Whiting Species","Blue Sprat","Sandy Sprat",Pilchard,"Australian Herring","Schooling species","Other crabs",Zooplankton,
1,0.03287264,0.1753173,0.1753191,0.1458825,0.01252097,0.000440448,0.02003868,0.4376083
2,0.03287207,0.1753092,0.1753122,0.1458763,0.0125207,0.0004404272,0.02003856,0.4376305
3,0.03287198,0.1753101,0.1753143,0.1458775,0.0125205,0.0004404361,0.02003843,0.4376268
4,0.03287201,0.1753115,0.175317,0.1458793,0.01252035,0.000440445,0.02003835,0.4376211
5,0.03287214,0.1753127,0.1753194,0.1458809,0.01252023,0.0004404521,0.02003833,0.4376159
6,0.03287231,0.1753135,0.1753215,0.1458824,0.01252015,0.0004404569,0.02003836,0.4376114
7,0.03287248,0.1753139,0.1753232,0.1458835,0.01252008,0.0004404598,0.02003841,0.4376079
8,0.03287264,0.1753141,0.1753245,0.1458844,0.01252004,0.000440461,0.02003849,0.4376055
9,0.03287273,0.1753138,0.1753253,0.145885,0.01252,0.0004404605,0.02003858,0.4376041
10,0.03287274,0.1753132,0.1753258,0.1458853,0.01251997,0.0004404587,0.02003867,0.4376038
11,0.0328727,0.1753123,0.1753259,0.1458853,0.01251994,0.000440456,0.02003877,0.4376045
12,0.03287259,0.1753112,0.1753258,0.1458851,0.01251991,0.0004404522,0.02003888,0.4376061
13,0.03287244,0.1753098,0.1753253,0.1458845,0.01251989,0.0004404476,0.02003899,0.4376087
14,0.03287225,0.1753082,0.1753246,0.1458837,0.01251986,0.0004404422,0.02003911,0.4376118
15,0.03287203,0.1753064,0.1753236,0.1458827,0.01251982,0.0004404363,0.02003925,0.4376158
16,0.03287181,0.1753044,0.1753224,0.1458814,0.01251978,0.0004404299,0.0200394,0.4376204
17,0.03287159,0.1753023,0.175321,0.1458799,0.01251973,0.0004404229,0.02003957,0.4376255
18,0.03287139,0.1753,0.1753195,0.1458782,0.01251967,0.0004404158,0.02003976,0.4376313
19,0.03287119,0.1752975,0.1753176,0.1458762,0.01251959,0.0004404082,0.02003996,0.4376374
20,0.03287105,0.1752949,0.1753157,0.1458741,0.0125195,0.0004404003,0.02004018,0.437644
21,0.03287094,0.1752922,0.1753136,0.1458718,0.01251941,0.0004403923,0.02004043,0.4376512
22,0.03287087,0.1752894,0.1753113,0.1458693,0.01251929,0.000440384,0.02004069,0.4376588
23,0.03287085,0.1752864,0.1753089,0.1458667,0.01251916,0.0004403755,0.02004097,0.4376666
24,0.03287087,0.1752834,0.1753064,0.1458639,0.01251902,0.0004403669,0.02004126,0.4376748
25,0.03287096,0.1752803,0.1753038,0.145861,0.01251887,0.0004403584,0.02004157,0.4376832
26,0.03287107,0.1752771,0.1753011,0.145858,0.01251869,0.0004403498,0.02004188,0.4376918
27,0.03287125,0.1752739,0.1752984,0.1458549,0.01251851,0.0004403413,0.0200422,0.4377006
28,0.03287146,0.1752706,0.1752956,0.1458518,0.01251832,0.000440333,0.02004251,0.4377093
29,0.03287172,0.1752675,0.1752928,0.1458486,0.01251812,0.0004403249,0.02004282,0.4377181
30,0.03287201,0.1752643,0.1752901,0.1458455,0.01251791,0.0004403171,0.02004313,0.4377268
31,0.03287233,0.1752612,0.1752874,0.1458424,0.0125177,0.0004403098,0.02004343,0.4377353
32,0.03287267,0.1752583,0.1752849,0.1458393,0.01251748,0.0004403028,0.02004372,0.4377435
33,0.03287302,0.1752554,0.1752824,0.1458363,0.01251725,0.0004402963,0.02004399,0.4377513
34,0.03287339,0.1752528,0.1752801,0.1458335,0.01251704,0.0004402905,0.02004423,0.4377586
35,0.03287375,0.1752504,0.1752781,0.1458309,0.01251682,0.0004402854,0.02004446,0.4377654
36,0.03287412,0.1752482,0.1752762,0.1458285,0.01251661,0.0004402809,0.02004466,0.4377714
37,0.03287446,0.1752462,0.1752746,0.1458263,0.01251641,0.0004402773,0.02004484,0.4377768
38,0.03287479,0.1752446,0.1752732,0.1458244,0.01251622,0.0004402746,0.020045,0.4377815
39,0.03287509,0.1752433,0.1752722,0.1458227,0.01251605,0.0004402726,0.02004513,0.4377853
40,0.03287537,0.1752422,0.1752714,0.1458214,0.01251589,0.0004402716,0.02004523,0.4377882
41,0.03287562,0.1752416,0.175271,0.1458205,0.01251576,0.0004402717,0.02004532,0.4377899
42,0.03287582,0.1752414,0.175271,0.1458199,0.01251564,0.0004402726,0.02004538,0.4377908
43,0.032876,0.1752414,0.1752713,0.1458197,0.01251556,0.0004402745,0.02004543,0.4377904
44,0.03287612,0.1752419,0.175272,0.1458198,0.01251549,0.0004402772,0.02004545,0.437789
45,0.0328762,0.1752428,0.1752729,0.1458204,0.01251545,0.000440281,0.02004546,0.4377866
46,0.03287624,0.175244,0.1752743,0.1458213,0.01251544,0.0004402855,0.02004546,0.4377829
47,0.03287625,0.1752455,0.175276,0.1458227,0.01251546,0.0004402911,0.02004546,0.4377784
48,0.0328762,0.1752475,0.175278,0.1458244,0.01251551,0.0004402972,0.02004545,0.4377728
49,0.03287612,0.1752497,0.1752802,0.1458265,0.01251558,0.0004403039,0.02004544,0.4377661
50,0.03287601,0.1752522,0.1752828,0.1458289,0.01251569,0.0004403114,0.02004544,0.4377588
51,0.03287586,0.1752549,0.1752855,0.1458316,0.01251582,0.0004403192,0.02004544,0.4377505
52,0.03287569,0.1752579,0.1752885,0.1458346,0.01251598,0.0004403276,0.02004545,0.4377416
53,0.03287551,0.1752611,0.1752916,0.1458379,0.01251616,0.0004403362,0.02004548,0.437732
54,0.0328753,0.1752644,0.1752948,0.1458414,0.01251636,0.0004403449,0.02004551,0.437722
55,0.03287509,0.1752678,0.1752981,0.145845,0.01251659,0.0004403538,0.02004558,0.4377114
56,0.03287487,0.1752713,0.1753015,0.1458488,0.01251683,0.0004403626,0.02004566,0.4377008
57,0.03287466,0.1752748,0.1753048,0.1458526,0.01251708,0.0004403713,0.02004575,0.43769
58,0.03287446,0.1752782,0.175308,0.1458565,0.01251735,0.0004403796,0.02004586,0.4376792
59,0.03287427,0.1752816,0.1753112,0.1458604,0.01251762,0.0004403876,0.02004599,0.4376686
60,0.03287411,0.1752848,0.1753142,0.1458642,0.01251791,0.0004403952,0.02004615,0.4376583
61,0.03287396,0.1752879,0.175317,0.1458679,0.01251819,0.0004404021,0.02004632,0.4376483
62,0.03287385,0.1752908,0.1753197,0.1458714,0.01251847,0.0004404084,0.0200465,0.4376389
63,0.03287376,0.1752934,0.175322,0.1458748,0.01251875,0.0004404138,0.02004669,0.4376302
64,0.03287371,0.1752958,0.175324,0.1458779,0.01251901,0.0004404185,0.0200469,0.4376223
65,0.03287369,0.1752978,0.1753257,0.1458808,0.01251927,0.0004404223,0.0200471,0.4376152
66,0.03287369,0.1752995,0.175327,0.1458833,0.0125195,0.0004404251,0.0200473,0.4376091
67,0.03287374,0.1753009,0.175328,0.1458855,0.01251973,0.0004404271,0.02004751,0.4376042
68,0.03287381,0.1753018,0.1753286,0.1458874,0.01251993,0.0004404279,0.0200477,0.4376004
69,0.03287391,0.1753024,0.1753288,0.1458888,0.01252011,0.0004404277,0.02004789,0.4375977
70,0.03287403,0.1753026,0.1753286,0.1458899,0.01252026,0.0004404265,0.02004805,0.4375961
71,0.03287417,0.1753023,0.175328,0.1458905,0.01252038,0.0004404243,0.0200482,0.437596
72,0.03287433,0.1753017,0.175327,0.1458908,0.01252048,0.0004404211,0.02004833,0.4375969
73,0.03287449,0.1753007,0.1753256,0.1458906,0.01252055,0.0004404169,0.02004843,0.4375992
74,0.03287464,0.1752994,0.1753239,0.14589,0.01252058,0.0004404119,0.02004851,0.4376025
75,0.03287479,0.1752977,0.1753218,0.1458891,0.01252059,0.000440406,0.02004855,0.4376071
76,0.03287493,0.1752956,0.1753194,0.1458877,0.01252056,0.0004403993,0.02004857,0.4376127
77,0.03287504,0.1752933,0.1753168,0.1458861,0.0125205,0.000440392,0.02004855,0.4376194
78,0.03287514,0.1752907,0.1753138,0.145884,0.01252042,0.0004403841,0.02004851,0.437627
79,0.03287518,0.1752879,0.1753107,0.1458817,0.0125203,0.0004403755,0.02004843,0.4376353
80,0.03287521,0.1752849,0.1753074,0.1458791,0.01252016,0.0004403665,0.02004833,0.4376445
81,0.03287518,0.1752817,0.175304,0.1458762,0.01251999,0.0004403572,0.0200482,0.4376542
82,0.03287512,0.1752785,0.1753006,0.1458733,0.01251981,0.0004403477,0.02004805,0.4376644
83,0.03287499,0.1752752,0.175297,0.1458701,0.0125196,0.0004403381,0.02004788,0.4376749
84,0.03287481,0.1752719,0.1752935,0.1458668,0.01251938,0.0004403284,0.02004769,0.4376856
85,0.03287458,0.1752687,0.17529,0.1458635,0.01251914,0.0004403189,0.0200475,0.4376963
86,0.0328743,0.1752654,0.1752866,0.1458601,0.01251889,0.0004403095,0.02004729,0.4377071
87,0.03287398,0.1752623,0.1752834,0.1458568,0.01251863,0.0004403005,0.0200471,0.4377176
88,0.0328736,0.1752594,0.1752803,0.1458535,0.01251837,0.0004402917,0.0200469,0.4377277
89,0.03287319,0.1752567,0.1752774,0.1458503,0.0125181,0.0004402835,0.02004671,0.4377373
90,0.03287274,0.1752542,0.1752747,0.1458473,0.01251784,0.0004402757,0.02004654,0.4377463
91,0.03287226,0.175252,0.1752724,0.1458444,0.01251758,0.0004402686,0.02004638,0.4377548
92,0.03287175,0.17525,0.1752703,0.1458418,0.01251733,0.0004402623,0.02004625,0.4377623
93,0.03287122,0.1752483,0.1752686,0.1458394,0.01251708,0.0004402567,0.02004614,0.4377689
94,0.03287069,0.175247,0.1752671,0.1458372,0.01251686,0.0004402517,0.02004605,0.4377747
95,0.03287017,0.175246,0.1752661,0.1458354,0.01251664,0.0004402477,0.020046,0.4377794
96,0.03286964,0.1752454,0.1752654,0.1458339,0.01251645,0.0004402445,0.02004598,0.437783
97,0.03286913,0.1752451,0.175265,0.1458327,0.01251628,0.0004402421,0.020046,0.4377856
98,0.03286866,0.1752451,0.175265,0.1458318,0.01251612,0.0004402405,0.02004604,0.437787
99,0.03286822,0.1752455,0.1752654,0.1458313,0.012516,0.00044024,0.02004611,0.4377873
100,0.03286782,0.1752463,0.175266,0.1458311,0.01251589,0.0004402401,0.02004622,0.4377865
101,0.03286746,0.1752473,0.1752671,0.1458313,0.01251582,0.0004402412,0.02004635,0.4377845
102,0.03286717,0.1752487,0.1752684,0.1458318,0.01251577,0.0004402431,0.0200465,0.4377815
103,0.03286694,0.1752504,0.17527,0.1458326,0.01251574,0.0004402458,0.02004668,0.4377774
104,0.03286676,0.1752523,0.1752719,0.1458338,0.01251575,0.0004402492,0.02004687,0.4377724
105,0.03286665,0.1752545,0.175274,0.1458353,0.01251578,0.0004402534,0.02004707,0.4377664
106,0.03286662,0.1752569,0.1752764,0.1458372,0.01251584,0.0004402579,0.02004728,0.4377596
107,0.03286664,0.1752595,0.1752789,0.1458392,0.01251592,0.0004402632,0.02004749,0.4377519
108,0.03286674,0.1752624,0.1752816,0.1458415,0.01251603,0.000440269,0.02004771,0.4377437
109,0.0328669,0.1752653,0.1752845,0.145844,0.01251616,0.0004402752,0.02004792,0.4377349
110,0.03286711,0.1752684,0.1752874,0.1458468,0.01251631,0.0004402819,0.02004812,0.4377255
111,0.03286738,0.1752715,0.1752904,0.1458497,0.01251649,0.0004402888,0.02004831,0.4377159
112,0.03286769,0.1752747,0.1752934,0.1458528,0.01251668,0.0004402959,0.02004847,0.437706
113,0.03286805,0.1752778,0.1752964,0.145856,0.01251689,0.000440303,0.02004863,0.437696
114,0.03286844,0.1752809,0.1752994,0.1458592,0.01251711,0.0004403103,0.02004876,0.4376857
115,0.03286886,0.1752841,0.1753024,0.1458625,0.01251735,0.0004403175,0.02004887,0.4376757
116,0.0328693,0.1752871,0.1753051,0.1458658,0.01251759,0.0004403246,0.02004895,0.4376657
117,0.03286975,0.17529,0.1753079,0.1458691,0.01251784,0.0004403317,0.02004902,0.437656
118,0.03287019,0.1752928,0.1753104,0.1458723,0.01251809,0.0004403382,0.02004906,0.4376467
119,0.03287064,0.1752954,0.1753128,0.1458755,0.01251835,0.0004403445,0.02004908,0.4376379
120,0.03287107,0.1752979,0.1753151,0.1458785,0.0125186,0.0004403505,0.02004909,0.4376295
121,0.03287148,0.1753002,0.175317,0.1458814,0.01251885,0.000440356,0.02004908,0.4376217
122,0.03287186,0.1753021,0.1753188,0.1458841,0.01251909,0.0004403608,0.02004907,0.4376145
123,0.03287222,0.175304,0.1753202,0.1458866,0.01251933,0.0004403651,0.02004905,0.4376083
124,0.03287253,0.1753054,0.1753215,0.1458889,0.01251954,0.0004403687,0.02004902,0.4376026
125,0.03287282,0.1753067,0.1753225,0.1458909,0.01251975,0.0004403716,0.02004899,0.4375979
126,0.03287306,0.1753077,0.1753232,0.1458927,0.01251994,0.0004403737,0.02004898,0.4375941
127,0.03287327,0.1753084,0.1753235,0.1458942,0.01252011,0.0004403751,0.02004897,0.4375911
128,0.03287345,0.1753088,0.1753236,0.1458953,0.01252025,0.0004403756,0.02004897,0.4375891
129,0.03287358,0.175309,0.1753234,0.1458962,0.01252038,0.0004403753,0.02004899,0.4375881
130,0.03287368,0.1753087,0.1753229,0.1458967,0.01252048,0.0004403743,0.02004904,0.437588
131,0.03287375,0.1753083,0.1753221,0.1458969,0.01252055,0.0004403724,0.02004911,0.437589
132,0.03287379,0.1753075,0.175321,0.1458967,0.0125206,0.0004403696,0.0200492,0.4375909
133,0.03287381,0.1753064,0.1753196,0.1458962,0.01252062,0.000440366,0.02004931,0.4375938
134,0.03287381,0.175305,0.1753179,0.1458953,0.01252061,0.0004403616,0.02004946,0.4375974
135,0.03287379,0.1753034,0.175316,0.1458941,0.01252057,0.0004403564,0.02004962,0.4376021
136,0.03287379,0.1753016,0.1753139,0.1458925,0.01252051,0.0004403509,0.02004981,0.4376076
137,0.03287377,0.1752994,0.1753115,0.1458907,0.01252042,0.0004403445,0.02005002,0.4376138
138,0.03287375,0.1752971,0.1753089,0.1458885,0.0125203,0.0004403375,0.02005024,0.437621
139,0.03287375,0.1752946,0.1753061,0.1458861,0.01252015,0.0004403301,0.02005047,0.4376286
140,0.03287374,0.1752918,0.1753032,0.1458834,0.01251998,0.0004403222,0.02005071,0.4376368
141,0.03287375,0.175289,0.1753001,0.1458805,0.01251978,0.0004403139,0.02005096,0.4376456
142,0.03287377,0.175286,0.175297,0.1458773,0.01251956,0.0004403054,0.02005119,0.4376547
143,0.03287382,0.175283,0.1752938,0.1458741,0.01251932,0.0004402967,0.02005142,0.4376643
144,0.03287387,0.1752799,0.1752905,0.1458707,0.01251906,0.000440288,0.02005162,0.437674
145,0.03287393,0.1752768,0.1752873,0.1458672,0.0125188,0.0004402794,0.02005181,0.4376839
146,0.03287401,0.1752737,0.1752842,0.1458636,0.01251852,0.0004402709,0.02005197,0.4376937
147,0.03287409,0.1752707,0.1752811,0.1458601,0.01251823,0.0004402627,0.0200521,0.4377034
148,0.03287418,0.1752678,0.1752782,0.1458566,0.01251793,0.0004402548,0.02005219,0.4377128
149,0.03287425,0.175265,0.1752753,0.1458532,0.01251764,0.0004402473,0.02005222,0.437722
150,0.03287432,0.1752624,0.1752727,0.14585,0.01251735,0.0004402405,0.02005222,0.4377308
151,0.03287437,0.17526,0.1752704,0.1458468,0.01251706,0.0004402342,0.02005217,0.4377389
152,0.03287442,0.1752579,0.1752682,0.145844,0.01251678,0.0004402286,0.02005207,0.4377465
153,0.03287442,0.175256,0.1752664,0.1458413,0.01251651,0.0004402238,0.02005192,0.4377532
154,0.03287439,0.1752544,0.1752649,0.1458389,0.01251627,0.0004402198,0.02005173,0.437759
155,0.03287433,0.1752532,0.1752638,0.1458369,0.01251604,0.0004402169,0.02005149,0.437764
156,0.03287423,0.1752523,0.175263,0.1458353,0.01251583,0.0004402147,0.02005121,0.437768
157,0.03287408,0.1752518,0.1752626,0.1458339,0.01251565,0.0004402136,0.02005089,0.4377709
158,0.03287388,0.1752517,0.1752626,0.145833,0.01251549,0.0004402135,0.02005055,0.4377726
159,0.03287362,0.1752519,0.175263,0.1458325,0.01251537,0.0004402143,0.02005018,0.4377732
160,0.03287332,0.1752526,0.1752637,0.1458324,0.01251527,0.0004402161,0.02004979,0.4377726
161,0.03287296,0.1752537,0.1752649,0.1458328,0.01251521,0.0004402189,0.0200494,0.4377709
162,0.03287257,0.1752552,0.1752664,0.1458336,0.01251518,0.0004402225,0.02004901,0.4377679
163,0.03287211,0.175257,0.1752683,0.1458348,0.01251519,0.0004402269,0.02004862,0.4377637
164,0.03287163,0.1752592,0.1752706,0.1458364,0.01251523,0.0004402323,0.02004826,0.4377584
165,0.03287111,0.1752617,0.1752732,0.1458384,0.0125153,0.0004402384,0.02004792,0.4377521
166,0.03287057,0.1752646,0.1752761,0.1458408,0.01251541,0.0004402451,0.02004761,0.4377447
167,0.03287001,0.1752677,0.1752792,0.1458435,0.01251554,0.0004402521,0.02004735,0.4377364
168,0.03286945,0.1752711,0.1752826,0.1458465,0.01251571,0.0004402598,0.02004714,0.4377273
169,0.0328689,0.1752746,0.1752861,0.1458498,0.01251591,0.0004402679,0.02004699,0.4377174
170,0.03286837,0.1752783,0.1752898,0.1458533,0.01251613,0.0004402761,0.0200469,0.4377069
171,0.03286788,0.1752821,0.1752935,0.145857,0.01251637,0.0004402843,0.02004686,0.437696
172,0.03286742,0.175286,0.1752973,0.1458608,0.01251664,0.0004402926,0.0200469,0.4376847
173,0.03286703,0.1752898,0.175301,0.1458646,0.01251691,0.0004403008,0.02004699,0.4376733
174,0.03286669,0.1752936,0.1753047,0.1458686,0.0125172,0.0004403087,0.02004715,0.4376618
175,0.03286643,0.1752973,0.1753082,0.1458724,0.0125175,0.0004403162,0.02004736,0.4376505
176,0.03286625,0.1753008,0.1753115,0.1458761,0.0125178,0.0004403234,0.02004765,0.4376396
177,0.03286616,0.1753041,0.1753146,0.1458798,0.0125181,0.0004403298,0.02004797,0.4376289
178,0.03286617,0.1753071,0.1753175,0.1458832,0.0125184,0.0004403358,0.02004834,0.4376189
179,0.03286628,0.1753099,0.17532,0.1458865,0.01251869,0.0004403411,0.02004875,0.4376096
180,0.03286649,0.1753123,0.1753222,0.1458894,0.01251897,0.0004403455,0.02004919,0.4376011
181,0.03286679,0.1753144,0.175324,0.145892,0.01251923,0.0004403491,0.02004964,0.4375936
182,0.03286719,0.175316,0.1753254,0.1458942,0.01251947,0.0004403518,0.0200501,0.4375872
183,0.03286768,0.1753173,0.1753264,0.1458962,0.0125197,0.0004403537,0.02005056,0.437582
184,0.03286825,0.1753181,0.175327,0.1458976,0.01251989,0.0004403545,0.02005101,0.4375778
185,0.0328689,0.1753184,0.1753271,0.1458987,0.01252006,0.0004403544,0.02005143,0.437575
186,0.03286961,0.1753183,0.1753267,0.1458994,0.0125202,0.0004403534,0.02005182,0.4375736
187,0.03287037,0.1753179,0.175326,0.1458996,0.01252032,0.0004403516,0.02005217,0.4375734
188,0.03287116,0.1753169,0.1753248,0.1458994,0.0125204,0.0004403488,0.02005246,0.4375746
189,0.03287197,0.1753155,0.1753231,0.1458988,0.01252044,0.0004403451,0.0200527,0.437577
190,0.03287278,0.1753138,0.1753212,0.1458978,0.01252046,0.000440341,0.02005289,0.4375807
191,0.03287359,0.1753117,0.1753189,0.1458965,0.01252044,0.000440336,0.020053,0.4375856
192,0.03287437,0.1753092,0.1753163,0.1458948,0.01252039,0.0004403304,0.02005305,0.4375916
193,0.03287509,0.1753066,0.1753134,0.1458926,0.01252031,0.0004403243,0.02005303,0.4375987
194,0.03287576,0.1753036,0.1753103,0.1458903,0.0125202,0.0004403177,0.02005294,0.4376066
195,0.03287634,0.1753004,0.175307,0.1458877,0.01252007,0.0004403108,0.02005279,0.4376154
196,0.03287684,0.1752971,0.1753036,0.1458848,0.0125199,0.0004403036,0.02005258,0.4376248
197,0.03287725,0.1752937,0.1753002,0.1458818,0.01251972,0.0004402964,0.02005232,0.4376348
198,0.03287755,0.1752903,0.1752966,0.1458787,0.01251952,0.0004402889,0.02005202,0.437645
199,0.03287773,0.1752868,0.1752932,0.1458755,0.0125193,0.0004402816,0.02005167,0.4376556
200,0.03287779,0.1752834,0.1752897,0.1458722,0.01251906,0.0004402742,0.0200513,0.4376662
201,0.03287774,0.1752802,0.1752865,0.1458689,0.01251882,0.0004402672,0.02005092,0.4376767
202,0.03287756,0.175277,0.1752833,0.1458657,0.01251857,0.0004402605,0.02005052,0.4376871
203,0.03287726,0.175274,0.1752804,0.1458625,0.01251831,0.0004402539,0.02005013,0.4376971
204,0.03287687,0.1752713,0.1752777,0.1458595,0.01251805,0.000440248,0.02004975,0.4377066
205,0.03287636,0.1752688,0.1752752,0.1458566,0.01251779,0.0004402424,0.0200494,0.4377156
206,0.03287578,0.1752665,0.175273,0.1458539,0.01251754,0.0004402371,0.02004907,0.4377239
207,0.03287512,0.1752646,0.1752712,0.1458514,0.01251729,0.0004402326,0.0200488,0.4377314
208,0.0328744,0.175263,0.1752696,0.1458492,0.01251706,0.0004402287,0.02004857,0.437738
209,0.03287363,0.1752617,0.1752684,0.1458472,0.01251683,0.0004402253,0.02004839,0.4377436
210,0.03287286,0.1752608,0.1752675,0.1458454,0.01251663,0.0004402226,0.02004828,0.4377483
211,0.03287207,0.1752602,0.175267,0.145844,0.01251644,0.0004402206,0.02004824,0.4377519
212,0.03287129,0.1752599,0.1752668,0.1458428,0.01251626,0.0004402193,0.02004826,0.4377544
213,0.03287053,0.17526,0.175267,0.145842,0.01251611,0.0004402185,0.02004833,0.4377559
214,0.03286982,0.1752604,0.1752674,0.1458414,0.01251598,0.0004402184,0.02004847,0.4377563
215,0.03286916,0.175261,0.1752681,0.1458411,0.01251587,0.0004402188,0.02004867,0.4377558
216,0.03286858,0.1752619,0.1752691,0.1458411,0.01251579,0.0004402199,0.02004892,0.4377544
217,0.0328681,0.1752631,0.1752704,0.1458414,0.01251572,0.0004402216,0.02004921,0.4377519
218,0.03286771,0.1752645,0.1752718,0.1458419,0.01251568,0.0004402238,0.02004953,0.4377486
219,0.03286742,0.1752661,0.1752735,0.1458427,0.01251566,0.0004402265,0.02004988,0.4377446
220,0.03286723,0.1752679,0.1752753,0.1458437,0.01251566,0.0004402295,0.02005024,0.4377398
221,0.03286717,0.1752698,0.1752773,0.1458449,0.01251568,0.0004402331,0.0200506,0.4377344
222,0.03286721,0.1752718,0.1752794,0.1458464,0.01251573,0.0004402372,0.02005097,0.4377283
223,0.03286734,0.1752739,0.1752816,0.1458479,0.01251579,0.0004402415,0.0200513,0.4377219
224,0.03286759,0.1752762,0.1752838,0.1458497,0.01251588,0.0004402461,0.02005161,0.4377151
225,0.03286791,0.1752784,0.1752861,0.1458516,0.01251598,0.0004402511,0.02005188,0.4377079
226,0.03286833,0.1752807,0.1752884,0.1458536,0.0125161,0.0004402562,0.02005211,0.4377005
227,0.03286881,0.175283,0.1752907,0.1458557,0.01251623,0.0004402616,0.02005227,0.437693
228,0.03286936,0.1752853,0.175293,0.145858,0.01251639,0.0004402673,0.02005238,0.4376855
229,0.03286992,0.1752876,0.1752952,0.1458603,0.01251655,0.000440273,0.02005242,0.4376777
230,0.03287052,0.1752898,0.1752975,0.1458627,0.01251673,0.0004402787,0.0200524,0.4376703
231,0.03287111,0.1752919,0.1752996,0.1458651,0.01251691,0.0004402845,0.02005231,0.4376629
232,0.0328717,0.175294,0.1753017,0.1458675,0.0125171,0.0004402902,0.02005214,0.4376556
233,0.03287223,0.1752959,0.1753036,0.14587,0.01251731,0.0004402958,0.02005192,0.4376487
234,0.03287274,0.1752979,0.1753055,0.1458724,0.01251752,0.0004403013,0.02005164,0.437642
235,0.03287319,0.1752997,0.1753073,0.1458748,0.01251773,0.0004403067,0.02005131,0.4376357
236,0.03287356,0.1753014,0.1753089,0.1458771,0.01251794,0.0004403117,0.02005093,0.4376299
237,0.03287385,0.175303,0.1753104,0.1458794,0.01251815,0.0004403166,0.02005053,0.4376244
238,0.03287406,0.1753045,0.1753118,0.1458816,0.01251836,0.000440321,0.02005011,0.4376193
239,0.03287417,0.1753058,0.175313,0.1458838,0.01251856,0.0004403252,0.02004968,0.4376147
240,0.0328742,0.1753071,0.1753141,0.1458858,0.01251876,0.0004403289,0.02004926,0.4376105
241,0.03287412,0.1753081,0.1753151,0.1458876,0.01251896,0.0004403321,0.02004885,0.4376069
242,0.03287396,0.175309,0.1753159,0.1458893,0.01251914,0.0004403347,0.02004848,0.4376038
243,0.03287372,0.1753099,0.1753165,0.1458908,0.01251932,0.0004403369,0.02004815,0.4376013
244,0.03287341,0.1753104,0.1753169,0.1458922,0.01251948,0.0004403382,0.02004788,0.4375994
245,0.03287302,0.1753108,0.1753172,0.1458932,0.01251962,0.0004403391,0.02004766,0.437598
246,0.03287261,0.175311,0.1753172,0.1458941,0.01251974,0.0004403391,0.02004753,0.4375974
247,0.03287215,0.1753111,0.175317,0.1458947,0.01251984,0.0004403385,0.02004747,0.4375974
248,0.03287167,0.1753109,0.1753166,0.145895,0.01251992,0.000440337,0.02004749,0.437598
249,0.03287119,0.1753105,0.175316,0.145895,0.01251999,0.0004403349,0.0200476,0.4375994
250,0.03287073,0.1753098,0.1753152,0.1458948,0.01252002,0.000440332,0.0200478,0.4376013
251,0.03287032,0.1753089,0.1753141,0.1458942,0.01252003,0.0004403284,0.02004808,0.4376041
252,0.03286994,0.1753078,0.1753127,0.1458933,0.01252002,0.0004403241,0.02004844,0.4376075
253,0.03286962,0.1753064,0.1753112,0.1458921,0.01251998,0.000440319,0.02004886,0.4376117
254,0.03286938,0.1753047,0.1753093,0.1458905,0.01251991,0.0004403132,0.02004935,0.4376164
255,0.03286924,0.1753029,0.1753073,0.1458887,0.01251982,0.0004403069,0.02004989,0.4376219
256,0.03286918,0.1753007,0.175305,0.1458865,0.01251969,0.0004403,0.02005046,0.4376281
257,0.03286923,0.1752984,0.1753025,0.1458841,0.01251955,0.0004402926,0.02005106,0.4376349
258,0.03286938,0.1752958,0.1752999,0.1458814,0.01251937,0.0004402848,0.02005166,0.4376422
259,0.03286963,0.1752931,0.1752971,0.1458784,0.01251917,0.0004402767,0.02005225,0.4376501
260,0.03286998,0.1752902,0.1752941,0.1458752,0.01251895,0.0004402685,0.02005282,0.4376584
261,0.03287041,0.1752872,0.1752911,0.1458719,0.01251871,0.0004402602,0.02005336,0.437667
262,0.03287093,0.1752841,0.175288,0.1458685,0.01251846,0.0004402519,0.02005383,0.4376761
263,0.03287152,0.1752809,0.1752848,0.1458649,0.01251819,0.0004402437,0.02005424,0.4376852
264,0.03287216,0.1752777,0.1752816,0.1458613,0.01251791,0.0004402357,0.02005456,0.4376945
265,0.03287281,0.1752746,0.1752786,0.1458577,0.01251762,0.0004402281,0.02005478,0.4377037
266,0.0328735,0.1752715,0.1752756,0.1458542,0.01251733,0.000440221,0.02005491,0.4377128
267,0.03287418,0.1752686,0.1752728,0.1458507,0.01251704,0.0004402147,0.02005493,0.4377216
268,0.03287483,0.1752658,0.1752701,0.1458475,0.01251676,0.0004402089,0.02005484,0.43773
269,0.03287543,0.1752633,0.1752678,0.1458444,0.01251648,0.0004402039,0.02005463,0.4377377
270,0.03287597,0.175261,0.1752657,0.1458416,0.01251621,0.0004401999,0.02005432,0.4377449
271,0.03287644,0.1752591,0.175264,0.1458392,0.01251597,0.0004401969,0.02005391,0.4377512
272,0.03287677,0.1752575,0.1752626,0.1458371,0.01251574,0.0004401949,0.02005339,0.4377566
273,0.03287701,0.1752563,0.1752616,0.1458354,0.01251554,0.000440194,0.0200528,0.4377611
274,0.0328771,0.1752555,0.1752611,0.1458342,0.01251537,0.0004401941,0.02005213,0.4377644
275,0.03287706,0.1752553,0.175261,0.1458334,0.01251522,0.0004401954,0.0200514,0.4377665
276,0.03287687,0.1752554,0.1752614,0.1458331,0.01251511,0.0004401978,0.02005063,0.4377674
277,0.03287654,0.1752561,0.1752622,0.1458332,0.01251503,0.0004402012,0.02004985,0.4377669
278,0.03287607,0.1752572,0.1752635,0.145834,0.012515,0.0004402058,0.02004906,0.437765
279,0.03287546,0.1752588,0.1752653,0.1458351,0.01251499,0.0004402112,0.02004829,0.4377618
280,0.03287471,0.1752609,0.1752675,0.1458368,0.01251503,0.0004402174,0.02004756,0.4377573
281,0.03287386,0.1752634,0.1752702,0.1458389,0.0125151,0.0004402246,0.02004688,0.4377514
282,0.0328729,0.1752663,0.1752732,0.1458415,0.01251521,0.0004402324,0.02004628,0.4377443
283,0.03287189,0.1752697,0.1752766,0.1458444,0.01251536,0.0004402409,0.02004578,0.437736
284,0.0328708,0.1752733,0.1752803,0.1458478,0.01251553,0.0004402498,0.02004537,0.4377266
285,0.03286971,0.1752772,0.1752843,0.1458514,0.01251574,0.0004402589,0.02004509,0.4377163
286,0.03286861,0.1752813,0.1752884,0.1458553,0.01251598,0.0004402682,0.02004494,0.4377052
287,0.03286754,0.1752856,0.1752927,0.1458594,0.01251624,0.0004402777,0.02004492,0.4376934
288,0.03286652,0.1752899,0.1752969,0.1458635,0.01251652,0.0004402867,0.02004503,0.4376812
289,0.0328656,0.1752943,0.1753012,0.1458678,0.01251682,0.0004402958,0.02004527,0.4376687
290,0.03286478,0.1752986,0.1753054,0.1458721,0.01251713,0.0004403043,0.02004565,0.4376561
291,0.03286409,0.1753028,0.1753094,0.1458762,0.01251744,0.0004403122,0.02004615,0.4376436
292,0.03286356,0.1753068,0.1753132,0.1458803,0.01251776,0.0004403196,0.02004676,0.4376313
293,0.03286321,0.1753104,0.1753167,0.1458841,0.01251808,0.0004403261,0.02004748,0.4376197
294,0.03286305,0.1753138,0.1753199,0.1458877,0.01251839,0.0004403318,0.02004827,0.4376087
295,0.03286307,0.1753168,0.1753226,0.1458909,0.01251868,0.0004403364,0.02004912,0.4375985
296,0.0328633,0.1753193,0.1753249,0.1458938,0.01251895,0.0004403401,0.02005002,0.4375895
297,0.03286373,0.1753213,0.1753267,0.1458962,0.01251921,0.0004403429,0.02005094,0.4375816
298,0.03286436,0.1753228,0.175328,0.1458982,0.01251944,0.0004403445,0.02005185,0.437575
299,0.03286517,0.1753238,0.1753287,0.1458997,0.01251964,0.0004403451,0.02005274,0.4375699
300,0.03286614,0.1753242,0.1753289,0.1459007,0.01251981,0.0004403444,0.02005357,0.4375662
301,0.03286726,0.175324,0.1753285,0.1459013,0.01251995,0.0004403428,0.02005434,0.4375643
302,0.03286851,0.1753233,0.1753276,0.1459012,0.01252005,0.0004403401,0.02005501,0.4375639
303,0.03286985,0.175322,0.1753262,0.1459007,0.01252012,0.0004403365,0.02005557,0.4375652
304,0.03287126,0.1753202,0.1753242,0.1458997,0.01252015,0.000440332,0.02005601,0.437568
305,0.03287271,0.175318,0.1753218,0.1458983,0.01252014,0.000440327,0.02005631,0.4375723
306,0.03287416,0.1753154,0.1753191,0.1458964,0.0125201,0.0004403212,0.02005647,0.4375781
307,0.03287558,0.1753123,0.1753159,0.1458942,0.01252003,0.000440315,0.02005647,0.4375852
308,0.03287692,0.175309,0.1753125,0.1458916,0.01251993,0.0004403082,0.02005632,0.4375935
309,0.03287816,0.1753054,0.1753088,0.1458887,0.0125198,0.0004403011,0.02005603,0.4376028
310,0.03287927,0.1753016,0.1753049,0.1458856,0.01251964,0.0004402938,0.02005558,0.437613
311,0.03288021,0.1752976,0.175301,0.1458824,0.01251945,0.0004402866,0.02005501,0.4376239
312,0.03288098,0.1752937,0.1752971,0.145879,0.01251925,0.0004402794,0.02005433,0.4376353
313,0.03288152,0.1752898,0.1752932,0.1458756,0.01251904,0.0004402722,0.02005353,0.437647
314,0.03288186,0.175286,0.1752895,0.1458723,0.01251881,0.0004402656,0.02005268,0.4376588
315,0.03288195,0.1752823,0.1752858,0.145869,0.01251857,0.0004402591,0.02005175,0.4376704
316,0.03288181,0.1752789,0.1752825,0.1458657,0.01251833,0.0004402529,0.02005079,0.4376817
317,0.03288143,0.1752757,0.1752794,0.1458627,0.01251809,0.0004402475,0.02004982,0.4376926
318,0.03288082,0.1752729,0.1752766,0.1458598,0.01251785,0.0004402424,0.02004887,0.4377029
319,0.03287999,0.1752704,0.1752743,0.1458572,0.01251762,0.000440238,0.02004796,0.4377123
320,0.03287897,0.1752683,0.1752722,0.1458549,0.0125174,0.0004402342,0.02004713,0.4377209
321,0.03287778,0.1752666,0.1752706,0.1458528,0.01251718,0.0004402309,0.02004639,0.4377284
322,0.03287644,0.1752654,0.1752695,0.1458511,0.01251699,0.0004402282,0.02004575,0.4377348
323,0.03287498,0.1752645,0.1752687,0.1458496,0.01251681,0.0004402262,0.02004524,0.4377399
324,0.03287345,0.1752641,0.1752684,0.1458485,0.01251664,0.0004402247,0.02004488,0.4377438
325,0.03287189,0.1752641,0.1752685,0.1458477,0.01251651,0.0004402239,0.02004468,0.4377465
326,0.03287031,0.1752644,0.1752689,0.1458472,0.01251638,0.0004402234,0.02004463,0.437748
327,0.03286878,0.1752652,0.1752696,0.1458469,0.01251627,0.0004402235,0.02004475,0.4377483
328,0.03286732,0.1752662,0.1752706,0.1458469,0.01251618,0.000440224,0.02004503,0.4377475
329,0.03286598,0.1752675,0.175272,0.1458471,0.01251611,0.0004402248,0.02004547,0.4377457
330,0.03286479,0.1752689,0.1752735,0.1458476,0.01251606,0.0004402259,0.02004605,0.4377428
331,0.03286377,0.1752707,0.1752752,0.1458482,0.01251602,0.0004402272,0.02004677,0.4377391
332,0.03286296,0.1752725,0.1752771,0.145849,0.01251601,0.0004402288,0.02004759,0.4377346
333,0.03286238,0.1752744,0.175279,0.1458498,0.012516,0.0004402305,0.02004851,0.4377297
334,0.03286203,0.1752762,0.1752809,0.1458508,0.01251601,0.0004402325,0.02004948,0.4377244
335,0.03286193,0.1752782,0.1752828,0.1458518,0.01251603,0.0004402343,0.02005049,0.4377185
336,0.03286209,0.17528,0.1752847,0.1458528,0.01251606,0.0004402364,0.02005152,0.4377125
337,0.03286249,0.1752818,0.1752865,0.1458539,0.0125161,0.0004402387,0.02005253,0.4377065
338,0.03286312,0.1752835,0.1752882,0.1458549,0.01251614,0.0004402408,0.02005349,0.4377004
339,0.03286399,0.175285,0.1752897,0.145856,0.0125162,0.0004402432,0.02005438,0.4376945
340,0.03286503,0.1752864,0.1752911,0.145857,0.01251626,0.0004402454,0.02005516,0.4376889
341,0.03286625,0.1752876,0.1752924,0.1458579,0.01251633,0.000440248,0.02005582,0.4376834
342,0.03286761,0.1752887,0.1752935,0.1458589,0.0125164,0.0004402507,0.02005634,0.4376782
343,0.03286907,0.1752897,0.1752945,0.1458599,0.01251648,0.0004402534,0.02005668,0.4376734
344,0.03287058,0.1752904,0.1752954,0.1458608,0.01251656,0.0004402562,0.02005686,0.4376691
345,0.03287212,0.1752911,0.1752961,0.1458618,0.01251664,0.0004402594,0.02005686,0.4376652
346,0.03287362,0.1752917,0.1752967,0.1458628,0.01251674,0.0004402627,0.02005668,0.4376616
347,0.03287505,0.1752922,0.1752973,0.1458638,0.01251683,0.0004402662,0.02005631,0.4376583
348,0.03287639,0.1752926,0.1752978,0.1458648,0.01251693,0.0004402698,0.02005576,0.4376554
349,0.03287758,0.1752931,0.1752983,0.145866,0.01251705,0.0004402738,0.02005506,0.4376526
350,0.0328786,0.1752935,0.1752988,0.1458672,0.01251717,0.000440278,0.0200542,0.4376502
351,0.0328794,0.175294,0.1752994,0.1458685,0.01251729,0.0004402824,0.02005323,0.4376479
352,0.03287997,0.1752946,0.1753,0.14587,0.01251743,0.0004402869,0.02005215,0.4376456
353,0.0328803,0.1752952,0.1753007,0.1458715,0.01251757,0.0004402917,0.020051,0.4376434
354,0.03288037,0.175296,0.1753014,0.1458732,0.01251773,0.0004402965,0.02004981,0.4376412
355,0.03288017,0.1752968,0.1753023,0.1458749,0.01251789,0.0004403013,0.02004861,0.4376389
356,0.03287973,0.1752979,0.1753034,0.1458768,0.01251805,0.0004403062,0.02004745,0.4376365
357,0.03287903,0.175299,0.1753044,0.1458787,0.01251822,0.000440311,0.02004634,0.4376341
358,0.0328781,0.1753002,0.1753055,0.1458807,0.0125184,0.0004403155,0.02004532,0.4376313
359,0.03287697,0.1753015,0.1753068,0.1458827,0.01251857,0.0004403197,0.02004442,0.4376287
360,0.03287568,0.1753029,0.175308,0.1458848,0.01251875,0.0004403236,0.02004367,0.4376259
361,0.03287424,0.1753044,0.1753093,0.1458867,0.01251892,0.0004403271,0.0200431,0.437623
362,0.03287272,0.1753058,0.1753106,0.1458886,0.01251909,0.0004403299,0.02004271,0.4376201
363,0.03287113,0.1753072,0.1753118,0.1458904,0.01251925,0.000440332,0.02004254,0.4376173
364,0.03286956,0.1753085,0.1753129,0.1458919,0.0125194,0.0004403333,0.02004259,0.4376147
365,0.03286802,0.1753098,0.1753139,0.1458933,0.01251954,0.000440334,0.02004284,0.4376123
366,0.03286656,0.1753107,0.1753147,0.1458944,0.01251965,0.0004403336,0.02004332,0.4376103
367,0.03286524,0.1753115,0.1753152,0.1458952,0.01251975,0.0004403322,0.02004401,0.4376087
368,0.03286409,0.175312,0.1753155,0.1458956,0.01251981,0.0004403299,0.0200449,0.4376077
369,0.03286315,0.1753122,0.1753154,0.1458956,0.01251986,0.0004403265,0.02004596,0.4376075
370,0.03286245,0.1753121,0.175315,0.1458952,0.01251987,0.000440322,0.02004717,0.4376081
371,0.03286202,0.1753114,0.1753142,0.1458943,0.01251985,0.0004403165,0.0200485,0.4376094
372,0.03286186,0.1753104,0.1753129,0.145893,0.0125198,0.0004403101,0.02004993,0.4376118
373,0.032862,0.175309,0.1753113,0.1458912,0.0125197,0.0004403028,0.0200514,0.4376152
374,0.03286244,0.175307,0.1753092,0.1458889,0.01251958,0.0004402945,0.02005288,0.4376197
375,0.03286318,0.1753047,0.1753067,0.1458862,0.01251942,0.0004402856,0.02005434,0.4376254
376,0.03286419,0.1753019,0.1753037,0.145883,0.01251922,0.000440276,0.02005574,0.437632
377,0.03286546,0.1752987,0.1753005,0.1458794,0.01251899,0.000440266,0.02005702,0.4376397
378,0.03286695,0.1752951,0.1752968,0.1458755,0.01251874,0.0004402559,0.02005817,0.4376485
379,0.03286864,0.1752912,0.175293,0.1458713,0.01251845,0.0004402456,0.02005915,0.4376581
380,0.03287045,0.1752871,0.1752889,0.1458668,0.01251814,0.0004402353,0.02005991,0.4376685
381,0.03287237,0.1752828,0.1752846,0.1458622,0.01251781,0.0004402254,0.02006045,0.4376796
382,0.03287433,0.1752783,0.1752804,0.1458576,0.01251748,0.0004402159,0.02006074,0.437691
383,0.03287628,0.1752738,0.1752761,0.1458529,0.01251713,0.0004402069,0.02006077,0.4377028
384,0.03287817,0.1752694,0.1752719,0.1458483,0.01251677,0.0004401989,0.02006053,0.4377147
385,0.03287994,0.1752652,0.1752679,0.145844,0.01251642,0.0004401919,0.02006003,0.4377263
386,0.03288154,0.1752613,0.1752642,0.1458399,0.01251609,0.0004401859,0.02005926,0.4377375
387,0.03288292,0.1752577,0.1752609,0.1458362,0.01251576,0.0004401813,0.02005826,0.4377481
388,0.03288404,0.1752545,0.175258,0.1458329,0.01251546,0.0004401781,0.02005703,0.4377578
389,0.03288485,0.1752519,0.1752557,0.1458302,0.01251519,0.0004401764,0.02005561,0.4377664
390,0.03288532,0.1752498,0.175254,0.1458281,0.01251496,0.0004401761,0.02005403,0.4377736
391,0.03288544,0.1752484,0.1752529,0.1458265,0.01251476,0.0004401775,0.02005233,0.4377793
392,0.03288519,0.1752477,0.1752526,0.1458257,0.0125146,0.0004401804,0.02005055,0.4377834
393,0.03288456,0.1752477,0.1752529,0.1458256,0.01251449,0.0004401849,0.02004873,0.4377858
394,0.03288359,0.1752486,0.175254,0.1458263,0.01251443,0.0004401909,0.02004693,0.437786
395,0.03288225,0.1752502,0.1752559,0.1458277,0.01251442,0.0004401982,0.0200452,0.4377843
396,0.0328806,0.1752525,0.1752585,0.1458297,0.01251446,0.0004402067,0.02004356,0.4377804
397,0.03287866,0.1752556,0.1752617,0.1458325,0.01251456,0.0004402163,0.02004209,0.4377746
398,0.03287648,0.1752594,0.1752657,0.145836,0.01251471,0.0004402269,0.0200408,0.4377667
399,0.03287412,0.1752639,0.1752702,0.14584,0.0125149,0.0004402381,0.02003975,0.437757
400,0.03287162,0.1752688,0.1752753,0.1458445,0.01251514,0.00044025,0.02003896,0.4377454
401,0.03286904,0.1752743,0.1752807,0.1458495,0.01251542,0.000440262,0.02003844,0.4377323
402,0.03286649,0.1752801,0.1752865,0.1458549,0.01251574,0.0004402742,0.02003824,0.4377178
403,0.03286399,0.1752862,0.1752924,0.1458605,0.01251609,0.0004402863,0.02003835,0.4377021
404,0.03286162,0.1752924,0.1752985,0.1458662,0.01251646,0.0004402979,0.02003877,0.4376857
405,0.03285944,0.1752986,0.1753045,0.1458719,0.01251685,0.0004403089,0.0200395,0.4376688
406,0.03285754,0.1753047,0.1753104,0.1458776,0.01251726,0.0004403191,0.02004054,0.4376518
407,0.03285592,0.1753105,0.175316,0.145883,0.01251766,0.0004403281,0.02004183,0.4376347
408,0.03285469,0.1753161,0.1753212,0.1458882,0.01251806,0.0004403363,0.02004338,0.437618
409,0.03285386,0.175321,0.1753259,0.145893,0.01251844,0.0004403428,0.02004512,0.4376023
410,0.03285345,0.1753255,0.1753301,0.1458973,0.01251881,0.000440348,0.02004703,0.4375875
411,0.03285351,0.1753293,0.1753335,0.1459009,0.01251915,0.0004403517,0.02004905,0.4375742
412,0.03285401,0.1753322,0.1753361,0.1459039,0.01251946,0.0004403538,0.02005113,0.4375628
413,0.03285497,0.1753344,0.1753379,0.1459063,0.01251973,0.0004403542,0.02005323,0.4375531
414,0.03285637,0.1753357,0.1753389,0.1459078,0.01251995,0.0004403531,0.02005527,0.4375456
415,0.03285819,0.1753361,0.1753391,0.1459086,0.01252013,0.0004403505,0.02005722,0.4375404
416,0.03286038,0.1753356,0.1753383,0.1459086,0.01252027,0.0004403465,0.02005902,0.4375375
417,0.03286289,0.1753342,0.1753367,0.1459078,0.01252034,0.0004403412,0.02006061,0.4375371
418,0.03286567,0.175332,0.1753343,0.1459063,0.01252037,0.0004403347,0.02006195,0.437539
419,0.03286863,0.1753289,0.1753311,0.1459042,0.01252035,0.0004403272,0.02006302,0.4375435
420,0.03287174,0.1753252,0.1753272,0.1459014,0.01252028,0.0004403188,0.02006376,0.4375502
421,0.03287489,0.1753208,0.1753228,0.145898,0.01252017,0.0004403099,0.02006417,0.437559
422,0.032878,0.1753158,0.1753177,0.1458941,0.01252,0.0004403005,0.02006422,0.4375699
423,0.03288101,0.1753104,0.1753124,0.1458898,0.0125198,0.0004402909,0.0200639,0.4375824
424,0.03288382,0.1753047,0.1753067,0.1458853,0.01251957,0.0004402812,0.02006322,0.4375964
425,0.03288636,0.1752988,0.1753009,0.1458806,0.01251931,0.0004402719,0.02006221,0.4376116
426,0.03288858,0.1752929,0.1752951,0.1458758,0.01251904,0.0004402631,0.02006088,0.4376275
427,0.03289038,0.175287,0.1752894,0.145871,0.01251874,0.0004402548,0.02005925,0.437644
428,0.03289175,0.1752814,0.175284,0.1458664,0.01251843,0.0004402473,0.02005738,0.4376604
429,0.03289263,0.1752761,0.1752788,0.145862,0.01251813,0.0004402408,0.02005531,0.4376768
430,0.03289298,0.1752712,0.1752742,0.145858,0.01251783,0.000440235,0.02005308,0.4376925
431,0.0328928,0.1752669,0.1752701,0.1458544,0.01251755,0.0004402304,0.02005077,0.4377072
432,0.03289208,0.1752632,0.1752666,0.1458512,0.01251728,0.0004402268,0.02004842,0.4377209
433,0.03289083,0.1752602,0.1752639,0.1458486,0.01251703,0.0004402246,0.02004611,0.4377331
434,0.0328891,0.1752581,0.1752619,0.1458465,0.01251681,0.0004402234,0.0200439,0.4377435
435,0.03288691,0.1752567,0.1752606,0.1458451,0.01251662,0.0004402234,0.02004185,0.4377521
436,0.0328843,0.175256,0.1752601,0.1458442,0.01251646,0.0004402242,0.02004,0.4377587
437,0.03288133,0.1752561,0.1752604,0.145844,0.01251633,0.000440226,0.02003842,0.4377631
438,0.03287812,0.1752571,0.1752615,0.1458443,0.01251625,0.0004402286,0.02003715,0.4377654
439,0.0328747,0.1752587,0.1752632,0.1458451,0.01251619,0.0004402318,0.02003624,0.4377657
440,0.03287118,0.175261,0.1752654,0.1458464,0.01251617,0.0004402356,0.0200357,0.4377638
441,0.03286766,0.1752639,0.1752683,0.1458481,0.01251617,0.0004402396,0.02003556,0.43776
