EwEVersion,"6.6.7.17812 (compiled 28/02/2022)"
Date,"26/02/2023 11:47:51 AM"
ModelName,CS_model_V1_110722
EcosimScenario,"New Ecosim scenario"
TimeSeries,(none)
StartYear,2020

Data,"Prey of PInk Snapper  juvenile"

timestep\group,"Other crabs","Blue Swimmer Crab",Seahorses,"Sea Cucumbers",Polychaetes,Urchins,Detritus,
1,0.0008008849,0.001340926,0.0001716043,0.0005680555,0.0752453,0.4653195,0.4565537
2,0.0008008609,0.00134087,0.0001715947,0.0005680327,0.07523926,0.4652873,0.4565921
3,0.0008008431,0.001340841,0.0001715998,0.0005680498,0.07523866,0.4652862,0.4565938
4,0.0008008273,0.001340812,0.0001716027,0.0005680585,0.07523707,0.4652871,0.4565945
5,0.0008008124,0.001340786,0.0001716037,0.0005680635,0.07523545,0.4652895,0.4565938
6,0.0008007983,0.001340762,0.0001716032,0.0005680668,0.07523411,0.4652936,0.4565911
7,0.0008007849,0.00134074,0.0001716017,0.0005680695,0.07523309,0.4652988,0.4565868
8,0.0008007719,0.001340719,0.0001715994,0.0005680713,0.07523239,0.4653048,0.4565816
9,0.0008007602,0.0013407,0.0001715968,0.000568073,0.07523201,0.4653113,0.4565755
10,0.0008007497,0.001340683,0.000171594,0.0005680743,0.07523185,0.4653176,0.4565695
11,0.0008007406,0.001340669,0.0001715913,0.0005680755,0.07523195,0.4653239,0.4565631
12,0.0008007335,0.001340659,0.0001715886,0.0005680763,0.07523222,0.4653295,0.4565572
13,0.000800728,0.001340651,0.0001715863,0.0005680764,0.07523265,0.4653345,0.4565518
14,0.0008007251,0.001340648,0.0001715843,0.0005680765,0.0752332,0.4653388,0.456547
15,0.0008007244,0.001340648,0.0001715826,0.0005680757,0.0752338,0.4653423,0.4565429
16,0.0008007265,0.001340652,0.0001715814,0.0005680744,0.07523452,0.4653449,0.4565395
17,0.000800731,0.001340661,0.0001715804,0.0005680722,0.07523526,0.4653465,0.4565372
18,0.0008007385,0.001340674,0.0001715798,0.0005680692,0.07523601,0.4653475,0.4565354
19,0.0008007481,0.00134069,0.0001715795,0.0005680652,0.07523675,0.4653475,0.4565347
20,0.0008007604,0.001340711,0.0001715795,0.0005680607,0.07523744,0.4653466,0.4565348
21,0.0008007753,0.001340735,0.0001715798,0.0005680556,0.07523811,0.4653451,0.4565356
22,0.000800792,0.001340763,0.0001715802,0.0005680497,0.07523867,0.4653429,0.4565373
23,0.0008008109,0.001340793,0.0001715807,0.0005680433,0.07523916,0.46534,0.4565396
24,0.0008008313,0.001340826,0.0001715814,0.0005680367,0.07523955,0.4653365,0.4565426
25,0.0008008534,0.001340862,0.0001715823,0.0005680302,0.07523988,0.4653328,0.456546
26,0.0008008765,0.001340899,0.0001715831,0.0005680235,0.07524008,0.4653287,0.4565499
27,0.0008009002,0.001340936,0.0001715839,0.0005680169,0.07524014,0.465324,0.4565544
28,0.0008009244,0.001340975,0.0001715848,0.0005680108,0.07524009,0.4653195,0.4565589
29,0.0008009487,0.001341014,0.0001715856,0.0005680051,0.0752399,0.4653146,0.4565639
30,0.0008009728,0.001341052,0.0001715864,0.0005680003,0.07523963,0.4653099,0.4565689
31,0.0008009962,0.001341089,0.000171587,0.0005679958,0.0752392,0.4653052,0.4565739
32,0.0008010184,0.001341124,0.0001715874,0.0005679922,0.07523867,0.4653007,0.4565789
33,0.0008010399,0.001341158,0.0001715879,0.0005679897,0.07523807,0.4652965,0.4565837
34,0.0008010595,0.001341189,0.0001715881,0.0005679882,0.07523736,0.4652925,0.4565882
35,0.0008010774,0.001341218,0.0001715883,0.0005679877,0.07523657,0.4652891,0.4565924
36,0.0008010935,0.001341244,0.0001715883,0.0005679883,0.07523572,0.4652861,0.4565963
37,0.0008011073,0.001341266,0.0001715881,0.0005679897,0.07523482,0.4652836,0.4565997
38,0.000801119,0.001341286,0.0001715879,0.0005679921,0.07523388,0.4652815,0.4566026
39,0.0008011284,0.001341301,0.0001715875,0.0005679955,0.07523294,0.4652799,0.456605
40,0.0008011357,0.001341314,0.0001715871,0.0005679997,0.075232,0.4652792,0.4566067
41,0.0008011408,0.001341323,0.0001715867,0.0005680048,0.07523111,0.465279,0.4566078
42,0.0008011436,0.001341329,0.0001715861,0.0005680105,0.07523023,0.4652791,0.4566085
43,0.0008011446,0.001341331,0.0001715856,0.0005680167,0.07522938,0.4652798,0.4566087
44,0.0008011438,0.001341331,0.0001715852,0.0005680236,0.07522865,0.4652812,0.4566081
45,0.0008011414,0.001341328,0.0001715847,0.0005680307,0.07522798,0.4652829,0.456607
46,0.0008011377,0.001341323,0.0001715844,0.0005680379,0.07522739,0.4652849,0.4566056
47,0.0008011326,0.001341316,0.0001715842,0.000568045,0.07522693,0.4652874,0.4566036
48,0.0008011269,0.001341308,0.000171584,0.0005680519,0.07522658,0.4652899,0.4566014
49,0.0008011208,0.001341299,0.0001715841,0.0005680588,0.07522632,0.4652928,0.4565989
50,0.0008011146,0.00134129,0.0001715844,0.0005680652,0.07522621,0.4652957,0.4565961
51,0.0008011085,0.00134128,0.0001715848,0.000568071,0.07522619,0.4652984,0.4565933
52,0.0008011027,0.001341271,0.0001715854,0.0005680763,0.07522632,0.4653012,0.4565904
53,0.0008010978,0.001341263,0.0001715863,0.0005680805,0.07522655,0.4653037,0.4565877
54,0.0008010939,0.001341256,0.0001715874,0.0005680841,0.07522691,0.465306,0.456585
55,0.0008010913,0.001341251,0.0001715887,0.0005680868,0.07522736,0.465308,0.4565826
56,0.0008010902,0.001341248,0.0001715902,0.0005680887,0.07522793,0.4653095,0.4565805
57,0.00080109,0.001341247,0.0001715919,0.0005680894,0.07522852,0.4653109,0.4565786
58,0.0008010916,0.001341247,0.0001715937,0.0005680891,0.07522921,0.4653116,0.4565772
59,0.0008010949,0.001341251,0.0001715958,0.000568088,0.07522994,0.4653117,0.4565763
60,0.0008010995,0.001341256,0.0001715979,0.0005680858,0.07523069,0.4653114,0.4565759
61,0.0008011059,0.001341264,0.0001716001,0.0005680829,0.07523147,0.4653107,0.4565758
62,0.0008011137,0.001341274,0.0001716023,0.0005680791,0.07523226,0.4653093,0.4565764
63,0.0008011228,0.001341286,0.0001716046,0.0005680745,0.07523302,0.4653076,0.4565773
64,0.0008011329,0.0013413,0.0001716068,0.0005680695,0.07523376,0.4653054,0.4565787
65,0.0008011439,0.001341316,0.0001716089,0.000568064,0.07523444,0.4653028,0.4565807
66,0.0008011555,0.001341333,0.0001716109,0.0005680581,0.07523507,0.4652999,0.4565829
67,0.0008011675,0.001341351,0.0001716126,0.0005680522,0.07523562,0.4652967,0.4565855
68,0.0008011793,0.001341369,0.0001716142,0.0005680462,0.07523613,0.4652934,0.4565883
69,0.0008011909,0.001341387,0.0001716155,0.0005680403,0.07523652,0.4652901,0.4565912
70,0.0008012018,0.001341404,0.0001716165,0.0005680345,0.0752368,0.4652866,0.4565944
71,0.000801212,0.001341421,0.0001716171,0.0005680294,0.07523703,0.4652833,0.4565974
72,0.0008012208,0.001341436,0.0001716174,0.0005680246,0.07523714,0.4652802,0.4566003
73,0.0008012283,0.00134145,0.0001716174,0.0005680206,0.07523715,0.4652774,0.4566031
74,0.0008012341,0.001341461,0.0001716169,0.0005680174,0.0752371,0.4652748,0.4566057
75,0.0008012383,0.001341471,0.0001716161,0.000568015,0.07523693,0.4652728,0.456608
76,0.0008012407,0.001341478,0.000171615,0.0005680138,0.07523674,0.4652713,0.4566097
77,0.0008012409,0.001341481,0.0001716134,0.0005680133,0.07523643,0.4652701,0.4566111
78,0.0008012392,0.001341483,0.0001716116,0.000568014,0.0752361,0.4652695,0.456612
79,0.0008012354,0.001341481,0.0001716094,0.0005680158,0.07523573,0.4652695,0.4566124
80,0.0008012301,0.001341477,0.000171607,0.0005680187,0.07523537,0.4652701,0.4566122
81,0.0008012227,0.001341471,0.0001716043,0.0005680227,0.07523499,0.4652713,0.4566114
82,0.000801214,0.001341461,0.0001716016,0.0005680275,0.07523462,0.4652729,0.4566101
83,0.000801204,0.00134145,0.0001715987,0.0005680333,0.0752343,0.4652753,0.4566082
84,0.0008011928,0.001341436,0.0001715957,0.0005680397,0.07523397,0.4652777,0.456606
85,0.0008011811,0.001341421,0.0001715928,0.0005680471,0.07523376,0.4652807,0.4566032
86,0.0008011691,0.001341406,0.00017159,0.0005680551,0.07523361,0.4652842,0.4566
87,0.0008011567,0.001341389,0.0001715873,0.0005680633,0.07523356,0.4652877,0.4565966
88,0.0008011449,0.001341372,0.0001715847,0.0005680718,0.07523354,0.4652912,0.456593
89,0.0008011341,0.001341356,0.0001715825,0.0005680806,0.07523367,0.4652949,0.4565893
90,0.0008011239,0.001341341,0.0001715806,0.0005680893,0.07523387,0.4652985,0.4565855
91,0.0008011154,0.001341327,0.0001715791,0.0005680979,0.07523419,0.4653021,0.4565817
92,0.0008011081,0.001341315,0.0001715778,0.000568106,0.07523458,0.4653051,0.4565783
93,0.0008011028,0.001341304,0.000171577,0.0005681136,0.07523505,0.4653077,0.4565751
94,0.0008011001,0.001341297,0.0001715767,0.0005681209,0.07523567,0.4653102,0.456572
95,0.0008010991,0.001341292,0.0001715768,0.0005681272,0.07523631,0.4653119,0.4565696
96,0.0008011007,0.00134129,0.0001715774,0.000568133,0.07523706,0.4653133,0.4565675
97,0.0008011048,0.001341291,0.0001715784,0.0005681379,0.07523786,0.4653139,0.4565662
98,0.0008011108,0.001341294,0.0001715798,0.0005681416,0.07523863,0.465314,0.4565652
99,0.0008011194,0.001341301,0.0001715816,0.0005681445,0.07523948,0.4653134,0.456565
100,0.0008011299,0.001341311,0.0001715837,0.0005681465,0.07524033,0.4653122,0.4565653
101,0.0008011422,0.001341323,0.0001715861,0.0005681475,0.07524113,0.4653103,0.4565663
102,0.0008011563,0.001341337,0.0001715888,0.0005681474,0.07524188,0.465308,0.4565679
103,0.0008011718,0.001341354,0.0001715917,0.0005681467,0.07524264,0.4653051,0.45657
104,0.0008011879,0.001341372,0.0001715947,0.000568145,0.07524325,0.4653016,0.4565728
105,0.0008012048,0.001341392,0.0001715977,0.0005681429,0.07524386,0.4652981,0.4565758
106,0.0008012216,0.001341411,0.0001716007,0.0005681398,0.07524432,0.4652941,0.4565793
107,0.0008012385,0.001341431,0.0001716037,0.0005681365,0.07524472,0.4652899,0.4565829
108,0.0008012545,0.00134145,0.0001716065,0.0005681326,0.07524496,0.4652859,0.4565868
109,0.0008012695,0.001341469,0.0001716091,0.0005681285,0.0752451,0.4652818,0.4565907
110,0.0008012829,0.001341486,0.0001716114,0.0005681242,0.07524509,0.4652779,0.4565945
111,0.0008012948,0.001341501,0.0001716134,0.0005681199,0.07524496,0.4652743,0.4565983
112,0.0008013047,0.001341514,0.0001716151,0.000568116,0.07524471,0.4652712,0.4566015
113,0.0008013123,0.001341523,0.0001716163,0.0005681121,0.07524435,0.4652685,0.4566047
114,0.0008013173,0.00134153,0.0001716171,0.0005681087,0.07524389,0.4652663,0.4566072
115,0.00080132,0.001341534,0.0001716175,0.0005681057,0.07524333,0.4652647,0.4566094
116,0.0008013198,0.001341535,0.0001716174,0.0005681032,0.07524268,0.4652638,0.4566109
117,0.0008013173,0.001341532,0.000171617,0.0005681013,0.07524198,0.4652638,0.4566117
118,0.0008013123,0.001341527,0.0001716161,0.0005681,0.07524119,0.4652644,0.4566119
119,0.0008013049,0.001341517,0.0001716148,0.0005680992,0.07524038,0.4652657,0.4566114
120,0.0008012957,0.001341506,0.0001716132,0.0005680992,0.07523959,0.4652677,0.4566102
121,0.0008012845,0.001341492,0.0001716112,0.0005680996,0.07523877,0.4652703,0.4566084
122,0.0008012719,0.001341475,0.000171609,0.0005681008,0.07523799,0.4652735,0.4566061
123,0.0008012585,0.001341458,0.0001716066,0.0005681023,0.07523724,0.4652772,0.4566032
124,0.0008012444,0.001341439,0.0001716041,0.0005681045,0.07523655,0.4652813,0.4565997
125,0.0008012304,0.00134142,0.0001716015,0.0005681068,0.07523594,0.4652857,0.4565961
126,0.0008012166,0.001341401,0.0001715989,0.0005681095,0.0752354,0.4652903,0.456592
127,0.0008012035,0.001341383,0.0001715963,0.0005681122,0.07523493,0.4652947,0.456588
128,0.0008011918,0.001341366,0.0001715938,0.000568115,0.07523459,0.4652993,0.4565838
129,0.0008011819,0.001341352,0.0001715915,0.0005681179,0.07523435,0.4653035,0.4565799
130,0.000801174,0.00134134,0.0001715895,0.0005681207,0.07523423,0.4653076,0.456576
131,0.0008011686,0.001341331,0.0001715877,0.0005681231,0.0752342,0.465311,0.4565726
132,0.0008011661,0.001341325,0.0001715862,0.0005681253,0.07523431,0.465314,0.4565695
133,0.0008011662,0.001341323,0.0001715851,0.0005681273,0.07523448,0.4653163,0.456567
134,0.0008011694,0.001341325,0.0001715843,0.0005681285,0.07523473,0.4653179,0.4565651
135,0.0008011755,0.00134133,0.0001715838,0.0005681292,0.07523503,0.4653187,0.456564
136,0.000801185,0.00134134,0.0001715838,0.0005681298,0.07523545,0.4653188,0.4565635
137,0.000801197,0.001341354,0.000171584,0.0005681295,0.07523586,0.4653178,0.456564
138,0.0008012119,0.001341371,0.0001715846,0.0005681288,0.07523628,0.4653161,0.4565652
139,0.0008012291,0.001341392,0.0001715854,0.0005681276,0.07523672,0.4653136,0.4565673
140,0.0008012484,0.001341416,0.0001715865,0.0005681261,0.07523715,0.4653104,0.4565701
141,0.0008012691,0.001341441,0.0001715878,0.000568124,0.07523756,0.4653065,0.4565735
142,0.000801291,0.001341469,0.0001715892,0.0005681218,0.07523791,0.465302,0.4565777
143,0.0008013136,0.001341498,0.0001715907,0.0005681196,0.0752382,0.4652971,0.4565822
144,0.0008013359,0.001341527,0.0001715921,0.0005681173,0.07523842,0.4652917,0.4565872
145,0.0008013578,0.001341556,0.0001715936,0.0005681149,0.07523854,0.4652862,0.4565926
146,0.0008013785,0.001341583,0.000171595,0.0005681128,0.07523859,0.4652806,0.4565982
147,0.0008013977,0.001341609,0.0001715962,0.000568111,0.07523854,0.4652752,0.4566036
148,0.0008014142,0.001341632,0.0001715972,0.0005681094,0.07523836,0.4652699,0.456609
149,0.0008014281,0.001341652,0.000171598,0.0005681087,0.0752381,0.465265,0.4566141
150,0.0008014393,0.001341668,0.0001715985,0.0005681086,0.07523777,0.4652609,0.4566186
151,0.0008014464,0.001341679,0.0001715986,0.000568109,0.07523734,0.4652571,0.4566228
152,0.0008014501,0.001341685,0.0001715985,0.0005681103,0.07523685,0.4652543,0.4566261
153,0.0008014498,0.001341687,0.0001715981,0.0005681124,0.07523631,0.4652522,0.4566287
154,0.0008014454,0.001341682,0.0001715973,0.0005681153,0.07523569,0.465251,0.4566305
155,0.0008014368,0.001341673,0.0001715962,0.0005681187,0.07523507,0.465251,0.4566312
156,0.0008014246,0.001341658,0.0001715948,0.0005681231,0.07523447,0.4652519,0.4566308
157,0.0008014087,0.001341638,0.0001715931,0.0005681284,0.07523387,0.4652539,0.4566295
158,0.0008013893,0.001341614,0.0001715913,0.0005681341,0.07523333,0.4652567,0.4566272
159,0.0008013672,0.001341585,0.0001715892,0.0005681404,0.07523284,0.4652606,0.4566239
160,0.0008013427,0.001341553,0.0001715872,0.0005681472,0.07523246,0.4652653,0.4566196
161,0.0008013161,0.001341518,0.0001715851,0.000568154,0.07523216,0.4652706,0.4566146
162,0.0008012885,0.001341481,0.000171583,0.000568161,0.07523198,0.4652766,0.4566088
163,0.0008012604,0.001341443,0.0001715811,0.0005681681,0.07523195,0.4652831,0.4566025
164,0.0008012323,0.001341404,0.0001715794,0.0005681748,0.0752321,0.4652898,0.4565957
165,0.0008012052,0.001341367,0.000171578,0.0005681811,0.07523235,0.4652967,0.4565886
166,0.0008011798,0.001341331,0.0001715768,0.0005681867,0.07523277,0.4653035,0.4565815
167,0.0008011563,0.001341297,0.000171576,0.0005681915,0.07523334,0.4653099,0.4565745
168,0.0008011358,0.001341268,0.0001715757,0.0005681955,0.07523409,0.4653161,0.4565676
169,0.0008011188,0.001341242,0.0001715759,0.0005681983,0.07523498,0.4653217,0.4565611
170,0.0008011055,0.001341221,0.0001715765,0.0005681997,0.07523596,0.4653265,0.4565554
171,0.0008010965,0.001341206,0.0001715776,0.0005682,0.07523707,0.4653305,0.4565504
172,0.000801092,0.001341197,0.0001715792,0.0005681987,0.07523827,0.4653335,0.4565462
173,0.0008010922,0.001341194,0.0001715813,0.000568196,0.07523955,0.4653353,0.4565431
174,0.000801097,0.001341198,0.0001715838,0.000568192,0.07524081,0.465336,0.4565412
175,0.0008011066,0.001341207,0.0001715867,0.0005681863,0.07524211,0.4653354,0.4565404
176,0.0008011205,0.001341224,0.00017159,0.0005681796,0.07524339,0.4653336,0.4565409
177,0.0008011387,0.001341246,0.0001715936,0.0005681714,0.07524462,0.4653308,0.4565424
178,0.0008011606,0.001341274,0.0001715973,0.0005681621,0.07524572,0.4653268,0.4565453
179,0.0008011858,0.001341307,0.0001716011,0.0005681521,0.07524674,0.4653216,0.4565494
180,0.0008012136,0.001341343,0.0001716049,0.0005681411,0.07524759,0.4653157,0.4565544
181,0.0008012432,0.001341383,0.0001716087,0.0005681295,0.07524828,0.4653089,0.4565605
182,0.0008012743,0.001341425,0.0001716123,0.0005681181,0.07524883,0.4653016,0.4565672
183,0.0008013055,0.001341468,0.0001716155,0.0005681063,0.07524911,0.4652938,0.4565746
184,0.0008013366,0.001341512,0.0001716184,0.000568095,0.07524925,0.4652857,0.4565825
185,0.0008013659,0.001341553,0.0001716208,0.0005680837,0.07524909,0.4652776,0.4565907
186,0.0008013938,0.001341594,0.0001716227,0.0005680736,0.07524872,0.4652697,0.4565989
187,0.0008014186,0.00134163,0.0001716238,0.000568064,0.07524809,0.4652622,0.456607
188,0.0008014406,0.001341664,0.0001716244,0.0005680561,0.07524731,0.4652552,0.4566146
189,0.0008014583,0.001341692,0.0001716243,0.0005680496,0.07524627,0.4652493,0.4566216
190,0.0008014715,0.001341715,0.0001716234,0.0005680445,0.07524507,0.4652442,0.4566279
191,0.0008014802,0.001341731,0.0001716218,0.0005680413,0.0752437,0.4652401,0.4566334
192,0.0008014836,0.001341741,0.0001716194,0.0005680398,0.07524218,0.4652373,0.4566377
193,0.0008014817,0.001341743,0.0001716164,0.0005680402,0.07524057,0.4652356,0.4566409
194,0.0008014751,0.001341739,0.0001716127,0.0005680425,0.07523889,0.4652354,0.4566428
195,0.0008014634,0.001341728,0.0001716085,0.0005680469,0.07523721,0.4652367,0.4566433
196,0.0008014473,0.00134171,0.0001716038,0.0005680531,0.07523554,0.4652394,0.4566423
197,0.0008014268,0.001341686,0.0001715986,0.0005680609,0.0752339,0.4652434,0.45664
198,0.0008014027,0.001341657,0.0001715932,0.0005680704,0.07523234,0.4652485,0.4566365
199,0.0008013755,0.001341623,0.0001715875,0.0005680812,0.0752309,0.4652548,0.4566316
200,0.0008013459,0.001341584,0.0001715818,0.000568093,0.0752296,0.465262,0.4566258
201,0.0008013151,0.001341544,0.0001715763,0.000568106,0.07522855,0.4652701,0.4566188
202,0.0008012833,0.001341501,0.000171571,0.0005681193,0.07522764,0.4652786,0.4566113
203,0.000801252,0.001341457,0.000171566,0.0005681332,0.075227,0.4652876,0.456603
204,0.0008012219,0.001341415,0.0001715614,0.0005681471,0.07522662,0.4652967,0.4565944
205,0.0008011934,0.001341374,0.0001715574,0.0005681605,0.07522646,0.4653054,0.4565858
206,0.0008011681,0.001341336,0.0001715542,0.0005681736,0.07522661,0.465314,0.4565772
207,0.000801146,0.001341302,0.0001715516,0.0005681856,0.07522701,0.465322,0.4565688
208,0.0008011285,0.001341273,0.0001715499,0.0005681966,0.07522768,0.4653293,0.456561
209,0.0008011155,0.00134125,0.000171549,0.0005682062,0.07522856,0.4653354,0.456554
210,0.0008011078,0.001341233,0.0001715491,0.0005682143,0.07522966,0.4653403,0.4565479
211,0.0008011054,0.001341224,0.0001715501,0.0005682205,0.07523097,0.4653439,0.4565431
212,0.0008011087,0.001341222,0.0001715519,0.0005682248,0.07523239,0.4653459,0.4565395
213,0.0008011176,0.001341227,0.0001715547,0.0005682271,0.07523398,0.4653466,0.4565372
214,0.0008011318,0.00134124,0.0001715582,0.0005682277,0.07523566,0.4653457,0.4565365
215,0.000801151,0.001341259,0.0001715624,0.0005682259,0.07523735,0.4653431,0.4565374
216,0.0008011749,0.001341286,0.0001715673,0.0005682224,0.07523905,0.465339,0.4565397
217,0.000801203,0.001341318,0.0001715726,0.000568217,0.0752407,0.4653336,0.4565434
218,0.0008012344,0.001341356,0.0001715784,0.0005682101,0.0752423,0.4653269,0.4565484
219,0.000801268,0.001341398,0.0001715844,0.0005682015,0.07524372,0.465319,0.4565549
220,0.0008013034,0.001341442,0.0001715905,0.0005681916,0.07524501,0.4653101,0.4565623
221,0.0008013392,0.001341489,0.0001715965,0.0005681809,0.0752461,0.4653006,0.4565707
222,0.0008013748,0.001341536,0.0001716023,0.0005681696,0.075247,0.4652908,0.4565795
223,0.0008014089,0.001341581,0.0001716078,0.0005681578,0.0752476,0.4652807,0.456589
224,0.0008014407,0.001341625,0.0001716128,0.0005681458,0.07524796,0.4652706,0.4565987
225,0.0008014691,0.001341665,0.0001716173,0.0005681342,0.07524808,0.4652609,0.4566081
226,0.0008014933,0.001341701,0.000171621,0.0005681232,0.07524794,0.4652519,0.4566173
227,0.0008015125,0.001341731,0.0001716239,0.0005681128,0.07524752,0.4652437,0.4566258
228,0.0008015262,0.001341754,0.000171626,0.0005681036,0.07524688,0.4652366,0.4566335
229,0.0008015338,0.001341769,0.0001716271,0.0005680955,0.07524598,0.4652309,0.45664
230,0.000801535,0.001341777,0.0001716274,0.0005680892,0.07524492,0.4652268,0.4566453
231,0.0008015297,0.001341775,0.0001716266,0.0005680844,0.07524367,0.4652242,0.4566491
232,0.0008015177,0.001341766,0.0001716249,0.0005680813,0.07524224,0.4652233,0.4566514
233,0.0008014996,0.001341747,0.0001716224,0.0005680801,0.07524078,0.4652245,0.4566518
234,0.0008014751,0.001341721,0.000171619,0.0005680806,0.07523925,0.4652271,0.4566507
235,0.0008014454,0.001341687,0.0001716149,0.000568083,0.0752377,0.4652318,0.4566477
236,0.0008014109,0.001341646,0.0001716102,0.0005680869,0.07523621,0.4652379,0.4566431
237,0.0008013726,0.001341599,0.000171605,0.0005680924,0.07523479,0.4652456,0.456637
238,0.0008013315,0.001341548,0.0001715995,0.0005680992,0.07523349,0.4652547,0.4566293
239,0.0008012883,0.001341494,0.0001715938,0.0005681071,0.07523235,0.4652647,0.4566204
240,0.0008012443,0.001341437,0.0001715881,0.0005681157,0.07523139,0.4652757,0.4566105
241,0.0008012011,0.001341381,0.0001715825,0.0005681249,0.07523068,0.4652873,0.4565998
242,0.0008011594,0.001341325,0.0001715771,0.0005681344,0.07523019,0.4652988,0.4565888
243,0.0008011207,0.001341273,0.0001715722,0.0005681441,0.07522999,0.4653106,0.4565772
244,0.0008010856,0.001341224,0.0001715677,0.0005681529,0.07523001,0.4653218,0.4565661
245,0.0008010556,0.001341182,0.000171564,0.0005681611,0.07523033,0.4653324,0.4565552
246,0.0008010318,0.001341147,0.0001715611,0.0005681688,0.07523093,0.465342,0.4565451
247,0.0008010141,0.001341119,0.000171559,0.0005681749,0.07523175,0.4653503,0.4565361
248,0.0008010042,0.001341101,0.0001715577,0.0005681798,0.07523281,0.4653571,0.4565283
249,0.0008010016,0.001341093,0.0001715574,0.0005681829,0.07523406,0.465362,0.456522
250,0.0008010073,0.001341095,0.0001715581,0.0005681846,0.07523546,0.4653651,0.4565176
251,0.0008010206,0.001341108,0.0001715597,0.0005681842,0.07523699,0.465366,0.4565151
252,0.0008010417,0.001341131,0.0001715621,0.000568182,0.07523861,0.4653652,0.4565143
253,0.0008010702,0.001341164,0.0001715654,0.000568178,0.07524023,0.465362,0.4565158
254,0.0008011059,0.001341206,0.0001715695,0.0005681725,0.07524189,0.4653569,0.4565192
255,0.0008011469,0.001341257,0.000171574,0.0005681652,0.07524344,0.4653498,0.4565246
256,0.0008011931,0.001341315,0.000171579,0.0005681565,0.07524487,0.4653409,0.456532
257,0.0008012429,0.001341379,0.0001715844,0.0005681468,0.07524614,0.4653305,0.4565411
258,0.0008012956,0.001341447,0.0001715899,0.0005681361,0.07524721,0.4653186,0.4565517
259,0.0008013495,0.001341518,0.0001715953,0.0005681249,0.07524806,0.4653058,0.4565636
260,0.000801403,0.001341589,0.0001716005,0.0005681133,0.07524861,0.4652922,0.4565764
261,0.0008014553,0.00134166,0.0001716055,0.0005681021,0.07524885,0.4652784,0.45659
262,0.0008015046,0.001341727,0.0001716099,0.0005680913,0.07524882,0.4652644,0.4566037
263,0.0008015495,0.00134179,0.0001716137,0.0005680815,0.07524847,0.4652509,0.4566176
264,0.0008015887,0.001341846,0.0001716167,0.0005680725,0.07524776,0.4652383,0.4566309
265,0.0008016212,0.001341894,0.0001716188,0.0005680654,0.07524677,0.4652266,0.4566435
266,0.000801646,0.001341932,0.0001716199,0.0005680599,0.07524548,0.4652165,0.4566547
267,0.0008016626,0.00134196,0.0001716201,0.0005680567,0.07524397,0.4652081,0.4566646
268,0.00080167,0.001341975,0.0001716192,0.0005680554,0.07524223,0.4652016,0.4566728
269,0.000801668,0.001341979,0.0001716173,0.0005680566,0.07524031,0.4651975,0.4566789
270,0.0008016565,0.00134197,0.0001716144,0.0005680602,0.07523826,0.4651957,0.4566828
271,0.0008016354,0.001341947,0.0001716105,0.0005680661,0.07523611,0.4651963,0.4566843
272,0.0008016055,0.001341913,0.0001716057,0.0005680745,0.07523398,0.4651994,0.4566834
273,0.0008015673,0.001341867,0.0001716002,0.0005680851,0.07523189,0.4652049,0.4566801
274,0.0008015218,0.00134181,0.0001715941,0.0005680976,0.07522987,0.4652128,0.4566743
275,0.0008014697,0.001341744,0.0001715877,0.0005681122,0.07522805,0.4652228,0.4566662
276,0.0008014126,0.001341671,0.0001715809,0.0005681278,0.07522645,0.4652348,0.4566559
277,0.0008013517,0.00134159,0.000171574,0.0005681445,0.07522506,0.4652485,0.4566438
278,0.0008012889,0.001341507,0.0001715673,0.000568162,0.07522405,0.4652633,0.4566302
279,0.0008012252,0.001341421,0.0001715609,0.0005681796,0.07522333,0.4652792,0.4566151
280,0.0008011629,0.001341335,0.0001715551,0.000568197,0.07522303,0.4652956,0.4565992
281,0.0008011032,0.001341252,0.0001715498,0.0005682136,0.07522308,0.4653119,0.4565828
282,0.0008010478,0.001341174,0.0001715455,0.000568229,0.07522356,0.4653282,0.4565663
283,0.0008009986,0.001341102,0.0001715422,0.000568243,0.07522447,0.4653434,0.4565502
284,0.0008009565,0.001341039,0.0001715401,0.0005682548,0.07522573,0.4653578,0.4565347
285,0.0008009231,0.001340988,0.0001715391,0.0005682643,0.07522738,0.4653704,0.4565205
286,0.0008008989,0.001340947,0.0001715394,0.0005682709,0.07522935,0.465381,0.456508
287,0.0008008853,0.00134092,0.0001715411,0.0005682746,0.07523164,0.4653893,0.4564974
288,0.0008008823,0.001340908,0.0001715441,0.0005682753,0.07523419,0.4653952,0.456489
289,0.0008008902,0.00134091,0.0001715484,0.0005682727,0.07523688,0.4653983,0.4564832
290,0.0008009091,0.001340927,0.0001715538,0.0005682666,0.0752397,0.4653986,0.4564801
291,0.0008009383,0.001340958,0.0001715603,0.0005682574,0.07524255,0.4653959,0.4564798
292,0.0008009776,0.001341004,0.0001715678,0.0005682451,0.07524539,0.4653904,0.4564824
293,0.000801026,0.001341062,0.0001715761,0.0005682299,0.07524814,0.4653822,0.4564877
294,0.0008010821,0.001341132,0.0001715848,0.000568212,0.07525067,0.4653713,0.456496
295,0.0008011446,0.001341212,0.000171594,0.000568192,0.07525297,0.4653581,0.4565068
296,0.0008012122,0.0013413,0.0001716032,0.0005681703,0.07525498,0.465343,0.4565198
297,0.0008012829,0.001341394,0.0001716124,0.0005681473,0.07525661,0.4653259,0.4565351
298,0.0008013548,0.001341491,0.0001716211,0.0005681234,0.0752578,0.4653078,0.4565518
299,0.0008014264,0.001341589,0.0001716293,0.0005680998,0.07525858,0.4652889,0.4565698
300,0.0008014952,0.001341685,0.0001716366,0.0005680764,0.07525887,0.4652697,0.4565885
301,0.0008015598,0.001341776,0.0001716429,0.0005680539,0.07525863,0.4652507,0.4566076
302,0.000801618,0.001341861,0.0001716478,0.0005680329,0.07525788,0.4652324,0.4566265
303,0.0008016686,0.001341937,0.0001716515,0.0005680143,0.07525667,0.4652155,0.4566446
304,0.0008017101,0.001342001,0.0001716535,0.0005679982,0.07525497,0.4652002,0.4566615
305,0.0008017409,0.001342053,0.000171654,0.0005679852,0.07525282,0.465187,0.4566768
306,0.0008017606,0.00134209,0.0001716527,0.0005679755,0.07525029,0.4651766,0.4566897
307,0.000801768,0.001342111,0.0001716499,0.0005679698,0.07524744,0.4651687,0.4567003
308,0.0008017631,0.001342116,0.0001716453,0.0005679678,0.07524433,0.4651639,0.4567082
309,0.0008017458,0.001342104,0.0001716392,0.0005679698,0.07524101,0.4651625,0.456713
310,0.0008017161,0.001342075,0.0001716316,0.0005679759,0.07523758,0.4651646,0.4567145
311,0.000801675,0.00134203,0.0001716228,0.0005679857,0.07523412,0.4651697,0.4567128
312,0.0008016232,0.00134197,0.0001716129,0.0005679992,0.0752307,0.4651783,0.4567078
313,0.0008015624,0.001341897,0.0001716021,0.0005680164,0.07522748,0.4651898,0.4566995
314,0.0008014939,0.001341812,0.0001715908,0.0005680366,0.07522447,0.4652043,0.4566883
315,0.0008014195,0.001341717,0.0001715791,0.0005680594,0.07522178,0.4652211,0.4566742
316,0.0008013407,0.001341615,0.0001715673,0.000568084,0.07521946,0.4652401,0.4566578
317,0.0008012601,0.001341508,0.0001715559,0.00056811,0.07521759,0.4652604,0.4566395
318,0.0008011799,0.001341399,0.0001715451,0.0005681372,0.07521626,0.4652821,0.4566194
319,0.0008011019,0.001341292,0.0001715351,0.0005681643,0.07521546,0.4653041,0.4565983
320,0.0008010284,0.001341189,0.0001715261,0.0005681908,0.0752152,0.4653259,0.456577
321,0.0008009616,0.001341093,0.0001715185,0.0005682161,0.07521553,0.4653471,0.4565557
322,0.0008009033,0.001341007,0.0001715125,0.0005682398,0.07521647,0.4653671,0.4565348
323,0.0008008551,0.001340933,0.0001715082,0.0005682608,0.07521794,0.4653851,0.4565155
324,0.0008008185,0.001340873,0.0001715058,0.0005682788,0.07521994,0.4654008,0.4564978
325,0.0008007948,0.001340829,0.0001715054,0.0005682933,0.07522242,0.4654137,0.4564824
326,0.0008007849,0.001340803,0.0001715069,0.000568304,0.07522533,0.4654234,0.4564699
327,0.000800789,0.001340796,0.0001715104,0.0005683107,0.07522863,0.4654298,0.4564602
328,0.0008008071,0.001340807,0.0001715159,0.000568313,0.07523215,0.4654323,0.456454
329,0.0008008395,0.001340837,0.0001715231,0.0005683108,0.07523588,0.4654312,0.4564514
330,0.0008008849,0.001340886,0.000171532,0.0005683042,0.07523969,0.465426,0.4564527
331,0.0008009425,0.001340951,0.0001715422,0.0005682935,0.07524347,0.465417,0.4564577
332,0.000801011,0.001341033,0.0001715536,0.0005682788,0.07524716,0.4654047,0.4564663
333,0.0008010886,0.001341128,0.0001715659,0.0005682604,0.07525063,0.4653889,0.4564785
334,0.0008011731,0.001341233,0.0001715788,0.000568239,0.07525375,0.4653702,0.4564938
335,0.000801263,0.001341349,0.0001715921,0.0005682153,0.07525656,0.465349,0.456512
336,0.0008013552,0.001341469,0.0001716051,0.0005681892,0.07525884,0.4653259,0.4565326
337,0.0008014476,0.001341592,0.0001716178,0.0005681622,0.0752606,0.4653015,0.4565551
338,0.0008015375,0.001341713,0.0001716297,0.0005681345,0.07526179,0.4652763,0.4565789
339,0.0008016226,0.00134183,0.0001716406,0.0005681072,0.07526237,0.4652512,0.4566032
340,0.0008017003,0.00134194,0.0001716501,0.0005680805,0.07526229,0.4652267,0.4566277
341,0.0008017686,0.001342039,0.000171658,0.0005680559,0.07526157,0.4652034,0.4566515
342,0.000801825,0.001342124,0.000171664,0.0005680333,0.07526025,0.4651822,0.4566739
343,0.0008018683,0.001342193,0.0001716681,0.0005680138,0.07525832,0.4651635,0.4566944
344,0.0008018969,0.001342243,0.00017167,0.0005679979,0.07525583,0.465148,0.4567124
345,0.0008019098,0.001342274,0.0001716696,0.0005679859,0.07525286,0.4651361,0.4567272
346,0.000801906,0.001342282,0.0001716671,0.0005679781,0.0752495,0.4651281,0.4567386
347,0.0008018857,0.00134227,0.0001716624,0.0005679749,0.07524579,0.4651244,0.456746
348,0.0008018493,0.001342235,0.0001716556,0.0005679763,0.07524186,0.4651251,0.4567493
349,0.0008017971,0.001342178,0.000171647,0.0005679824,0.07523782,0.4651302,0.4567483
350,0.0008017304,0.001342102,0.0001716367,0.000567993,0.07523376,0.4651397,0.4567431
351,0.000801651,0.001342007,0.000171625,0.0005680078,0.07522982,0.4651535,0.4567333
352,0.0008015606,0.001341896,0.0001716121,0.0005680264,0.0752261,0.4651712,0.4567196
353,0.0008014616,0.001341772,0.0001715986,0.0005680484,0.07522271,0.4651923,0.4567022
354,0.0008013562,0.001341637,0.0001715845,0.0005680731,0.07521969,0.4652162,0.4566815
355,0.0008012474,0.001341496,0.0001715705,0.0005680998,0.07521719,0.4652427,0.4566577
356,0.0008011382,0.001341352,0.0001715568,0.0005681281,0.07521529,0.4652708,0.4566316
357,0.0008010315,0.001341208,0.0001715439,0.0005681567,0.07521404,0.4652999,0.4566042
358,0.0008009299,0.001341069,0.000171532,0.0005681848,0.07521343,0.4653291,0.4565757
359,0.0008008365,0.001340938,0.0001715215,0.000568212,0.07521354,0.4653578,0.4565472
360,0.0008007542,0.001340821,0.0001715127,0.0005682374,0.07521438,0.4653851,0.4565192
361,0.000800685,0.001340719,0.0001715059,0.0005682601,0.07521592,0.4654101,0.4564928
362,0.0008006311,0.001340635,0.0001715013,0.0005682795,0.07521813,0.4654323,0.4564685
363,0.000800594,0.001340573,0.000171499,0.0005682945,0.07522091,0.465451,0.4564471
364,0.0008005757,0.001340535,0.0001714991,0.0005683057,0.07522429,0.4654658,0.4564289
365,0.0008005761,0.00134052,0.0001715016,0.0005683116,0.07522807,0.4654757,0.4564152
366,0.0008005961,0.001340532,0.0001715065,0.0005683126,0.07523226,0.4654811,0.4564057
367,0.0008006354,0.00134057,0.0001715137,0.0005683082,0.07523665,0.4654812,0.4564011
368,0.0008006932,0.001340633,0.0001715229,0.0005682987,0.0752412,0.465476,0.4564016
369,0.0008007686,0.00134072,0.0001715341,0.0005682843,0.07524576,0.4654661,0.4564069
370,0.0008008594,0.00134083,0.0001715468,0.0005682653,0.07525017,0.4654509,0.4564174
371,0.0008009637,0.001340958,0.0001715607,0.0005682419,0.07525434,0.4654311,0.4564328
372,0.0008010787,0.001341104,0.0001715755,0.0005682147,0.07525812,0.4654072,0.4564527
373,0.000801202,0.001341262,0.0001715908,0.0005681849,0.07526144,0.4653797,0.4564765
374,0.0008013302,0.00134143,0.0001716061,0.0005681527,0.07526419,0.4653492,0.456504
375,0.0008014602,0.001341603,0.0001716211,0.0005681196,0.07526626,0.4653169,0.456534
376,0.0008015879,0.001341775,0.0001716352,0.0005680858,0.07526758,0.4652829,0.4565665
377,0.0008017105,0.001341943,0.0001716481,0.0005680528,0.07526811,0.4652488,0.4565999
378,0.0008018243,0.001342102,0.0001716594,0.000568021,0.07526779,0.4652148,0.4566338
379,0.0008019263,0.001342247,0.0001716688,0.0005679917,0.07526667,0.4651825,0.4566671
380,0.0008020135,0.001342375,0.0001716759,0.0005679657,0.07526471,0.4651526,0.4566987
381,0.0008020832,0.001342482,0.0001716806,0.0005679441,0.07526205,0.4651257,0.4567281
382,0.0008021333,0.001342564,0.0001716826,0.000567927,0.07525855,0.4651027,0.4567544
383,0.0008021622,0.001342618,0.0001716818,0.0005679154,0.07525447,0.4650844,0.4567766
384,0.000802169,0.001342645,0.0001716782,0.0005679099,0.07524986,0.4650714,0.4567944
385,0.0008021531,0.001342641,0.000171672,0.0005679104,0.07524484,0.4650639,0.4568068
386,0.000802114,0.001342606,0.0001716631,0.0005679172,0.07523949,0.4650623,0.4568139
387,0.000802053,0.00134254,0.0001716518,0.0005679303,0.07523399,0.4650668,0.456815
388,0.0008019707,0.001342446,0.0001716383,0.0005679493,0.07522848,0.4650771,0.4568104
389,0.00080187,0.001342325,0.0001716231,0.0005679743,0.07522316,0.4650937,0.4567994
390,0.0008017523,0.001342179,0.0001716064,0.0005680042,0.07521807,0.4651154,0.456783
391,0.0008016212,0.001342014,0.0001715888,0.0005680388,0.07521347,0.4651424,0.4567609
392,0.0008014794,0.001341831,0.0001715706,0.0005680768,0.07520938,0.4651737,0.456734
393,0.0008013307,0.001341636,0.0001715523,0.0005681177,0.07520601,0.4652085,0.4567029
394,0.0008011793,0.001341435,0.0001715346,0.0005681602,0.07520343,0.465246,0.4566683
395,0.0008010289,0.001341231,0.0001715178,0.0005682032,0.07520175,0.4652854,0.4566308
396,0.0008008835,0.001341032,0.0001715025,0.0005682458,0.075201,0.4653254,0.4565919
397,0.000800747,0.00134084,0.000171489,0.0005682863,0.07520121,0.4653651,0.4565523
398,0.0008006236,0.001340664,0.0001714779,0.0005683245,0.07520248,0.4654034,0.4565131
399,0.000800516,0.001340506,0.0001714694,0.0005683583,0.07520465,0.4654392,0.4564753
400,0.0008004278,0.001340372,0.0001714639,0.0005683875,0.07520785,0.4654717,0.4564397
401,0.0008003617,0.001340265,0.0001714615,0.0005684107,0.0752119,0.4654998,0.4564078
402,0.0008003197,0.001340188,0.0001714624,0.0005684276,0.07521674,0.4655229,0.45638
403,0.000800303,0.001340145,0.0001714666,0.0005684371,0.07522223,0.4655397,0.4563576
404,0.0008003126,0.001340137,0.0001714741,0.0005684393,0.07522829,0.4655503,0.456341
405,0.0008003488,0.001340164,0.0001714848,0.0005684338,0.07523478,0.4655542,0.4563306
406,0.0008004107,0.001340226,0.0001714984,0.0005684204,0.07524148,0.465551,0.456327
407,0.0008004973,0.001340323,0.0001715146,0.0005683994,0.07524822,0.4655406,0.4563305
408,0.0008006068,0.001340452,0.0001715331,0.0005683713,0.07525486,0.4655236,0.4563406
409,0.0008007359,0.00134061,0.0001715533,0.0005683365,0.07526118,0.4655,0.4563577
410,0.0008008819,0.001340793,0.0001715748,0.0005682959,0.07526704,0.4654702,0.4563812
411,0.0008010416,0.001340997,0.0001715971,0.0005682506,0.07527228,0.4654353,0.4564105
412,0.0008012101,0.001341216,0.0001716195,0.0005682014,0.07527669,0.4653957,0.4564453
413,0.0008013838,0.001341446,0.0001716415,0.0005681497,0.07528023,0.465353,0.4564841
414,0.0008015573,0.00134168,0.0001716624,0.0005680967,0.07528272,0.4653077,0.4565266
415,0.0008017267,0.001341912,0.0001716818,0.0005680439,0.07528413,0.4652615,0.456571
416,0.000801887,0.001342136,0.000171699,0.0005679923,0.07528436,0.465215,0.4566169
417,0.000802034,0.001342346,0.0001717135,0.0005679438,0.07528342,0.4651699,0.4566626
418,0.0008021632,0.001342535,0.000171725,0.0005678992,0.07528128,0.4651272,0.4567071
419,0.0008022715,0.001342699,0.000171733,0.0005678602,0.07527801,0.4650885,0.4567489
420,0.0008023548,0.001342832,0.0001717372,0.0005678273,0.07527363,0.4650542,0.4567874
421,0.0008024113,0.001342932,0.0001717376,0.000567802,0.07526828,0.4650259,0.456821
422,0.0008024384,0.001342993,0.0001717339,0.0005677846,0.07526205,0.4650041,0.4568488
423,0.0008024353,0.001343015,0.0001717263,0.0005677763,0.07525516,0.4649898,0.4568701
424,0.0008024019,0.001342996,0.0001717148,0.0005677767,0.0752477,0.4649832,0.4568843
425,0.0008023379,0.001342936,0.0001716997,0.0005677863,0.0752399,0.4649847,0.4568907
426,0.0008022453,0.001342837,0.0001716812,0.000567805,0.07523193,0.4649943,0.4568891
427,0.0008021261,0.0013427,0.0001716601,0.0005678326,0.07522403,0.4650123,0.4568795
428,0.0008019829,0.001342528,0.0001716365,0.0005678681,0.0752164,0.4650376,0.456862
429,0.0008018193,0.001342326,0.0001716111,0.000567911,0.07520922,0.4650701,0.4568371
430,0.0008016396,0.001342099,0.0001715847,0.00056796,0.07520275,0.465109,0.456805
431,0.0008014479,0.001341852,0.0001715578,0.0005680143,0.07519709,0.4651535,0.4567667
432,0.0008012499,0.001341592,0.0001715311,0.0005680724,0.07519244,0.4652022,0.4567229
433,0.0008010504,0.001341325,0.0001715054,0.0005681326,0.07518894,0.4652539,0.4566752
434,0.0008008549,0.001341059,0.0001714814,0.0005681936,0.07518666,0.4653072,0.4566245
435,0.0008006687,0.001340801,0.0001714596,0.0005682539,0.07518574,0.465361,0.4565721
436,0.0008004971,0.001340559,0.0001714407,0.0005683117,0.07518617,0.4654135,0.4565195
437,0.0008003445,0.001340337,0.0001714253,0.0005683654,0.07518799,0.4654635,0.456468
438,0.0008002158,0.001340144,0.0001714138,0.0005684138,0.07519113,0.4655096,0.4564191
439,0.0008001146,0.001339985,0.0001714066,0.0005684554,0.0751956,0.4655505,0.456374
440,0.0008000442,0.001339864,0.0001714039,0.000568489,0.0752012,0.4655848,0.4563342
441,0.0008000067,0.001339785,0.0001714057,0.0005685137,0.07520785,0.4656118,0.4563006
442,0.0008000037,0.001339751,0.0001714123,0.0005685287,0.07521541,0.4656305,0.4562744
443,0.0008000358,0.001339764,0.0001714234,0.0005685336,0.07522368,0.4656404,0.4562563
444,0.0008001026,0.001339823,0.0001714388,0.000568528,0.07523239,0.4656408,0.4562469
445,0.0008002033,0.001339929,0.0001714583,0.0005685122,0.07524141,0.465632,0.4562466
446,0.000800335,0.001340078,0.0001714812,0.0005684862,0.0752504,0.4656136,0.4562556
447,0.000800495,0.001340268,0.0001715071,0.0005684508,0.0752592,0.4655864,0.4562737
448,0.0008006796,0.001340493,0.0001715354,0.0005684067,0.07526755,0.4655508,0.4563006
449,0.0008008837,0.001340749,0.0001715652,0.000568355,0.0752752,0.4655074,0.4563358
450,0.0008011025,0.001341029,0.0001715959,0.0005682971,0.07528196,0.4654575,0.4563785
451,0.0008013309,0.001341327,0.0001716267,0.0005682345,0.07528765,0.4654025,0.4564274
452,0.0008015618,0.001341633,0.0001716566,0.0005681689,0.0752921,0.4653435,0.4564814
453,0.0008017895,0.001341939,0.000171685,0.0005681018,0.07529511,0.4652821,0.4565393
454,0.0008020075,0.001342239,0.000171711,0.0005680348,0.07529662,0.4652199,0.4565995
455,0.0008022102,0.001342522,0.0001717339,0.0005679703,0.0752966,0.4651585,0.4566605
456,0.0008023917,0.001342783,0.0001717531,0.0005679099,0.07529505,0.4651,0.4567201
457,0.0008025467,0.001343012,0.0001717681,0.0005678549,0.07529193,0.4650454,0.4567775
458,0.0008026703,0.001343203,0.0001717783,0.0005678071,0.0752873,0.4649966,0.4568306
459,0.0008027594,0.001343351,0.0001717834,0.0005677681,0.07528134,0.4649551,0.4568779
460,0.0008028101,0.00134345,0.0001717833,0.0005677387,0.07527411,0.4649217,0.4569183
461,0.000802821,0.001343498,0.0001717778,0.00056772,0.07526587,0.4648979,0.4569504
