EwEVersion,"6.6.7.17812 (compiled 28/02/2022)"
Date,"26/02/2023 11:47:51 AM"
ModelName,CS_model_V1_110722
EcosimScenario,"New Ecosim scenario"
TimeSeries,(none)
StartYear,2020

Data,"Prey of Seastars"

timestep\group,"Demersal fish","Black Mussel",Corals,"Sand dollars",Bivalves,Polychaetes,Urchins,Detritus,
1,0.0204399,1.238691E-05,0.01183483,0.04387518,7.162005E-05,0.2193635,0.01083496,0.6935677
2,0.02043794,1.238567E-05,0.01183367,0.04387303,7.161285E-05,0.2193376,0.0108338,0.6935999
3,0.02043739,1.238602E-05,0.0118342,0.0438719,7.161469E-05,0.2193359,0.01083378,0.6936028
4,0.02043683,1.238628E-05,0.01183469,0.04387118,7.161596E-05,0.2193323,0.01083385,0.6936071
5,0.02043628,1.238637E-05,0.01183507,0.04387082,7.161646E-05,0.2193291,0.01083398,0.6936107
6,0.02043576,1.238629E-05,0.01183535,0.04387083,7.161634E-05,0.2193271,0.01083417,0.6936128
7,0.02043527,1.23861E-05,0.01183556,0.04387122,7.161578E-05,0.2193264,0.0108344,0.6936132
8,0.0204348,1.238583E-05,0.0118357,0.04387198,7.161487E-05,0.2193265,0.01083465,0.6936123
9,0.02043437,1.23855E-05,0.0118358,0.04387305,7.161375E-05,0.2193277,0.01083491,0.6936102
10,0.02043395,1.238513E-05,0.01183586,0.04387444,7.161245E-05,0.2193292,0.01083516,0.6936074
11,0.02043358,1.238475E-05,0.0118359,0.04387612,7.161111E-05,0.2193314,0.0108354,0.6936037
12,0.02043324,1.238437E-05,0.01183592,0.04387805,7.160973E-05,0.2193336,0.0108356,0.6935995
13,0.02043294,1.2384E-05,0.01183593,0.0438802,7.160835E-05,0.2193361,0.01083578,0.693595
14,0.02043269,1.238365E-05,0.01183593,0.04388253,7.160703E-05,0.2193386,0.01083592,0.6935904
15,0.02043248,1.238332E-05,0.01183593,0.04388503,7.160577E-05,0.2193409,0.01083603,0.6935857
16,0.02043232,1.238302E-05,0.01183592,0.04388762,7.160455E-05,0.2193431,0.0108361,0.693581
17,0.02043219,1.238274E-05,0.01183591,0.04389025,7.160342E-05,0.219345,0.01083612,0.6935766
18,0.02043213,1.238249E-05,0.0118359,0.04389293,7.160237E-05,0.2193466,0.01083612,0.6935723
19,0.0204321,1.238227E-05,0.01183588,0.04389559,7.16014E-05,0.2193479,0.01083608,0.6935685
20,0.02043211,1.238207E-05,0.01183586,0.0438982,7.16005E-05,0.2193488,0.010836,0.6935651
21,0.02043218,1.238191E-05,0.01183584,0.04390073,7.159969E-05,0.2193494,0.0108359,0.693562
22,0.02043227,1.238177E-05,0.01183581,0.04390313,7.159892E-05,0.2193495,0.01083577,0.6935596
23,0.0204324,1.238165E-05,0.01183577,0.04390537,7.159822E-05,0.2193492,0.01083561,0.6935577
24,0.02043255,1.238155E-05,0.01183573,0.04390746,7.159759E-05,0.2193484,0.01083544,0.6935564
25,0.02043275,1.238148E-05,0.01183568,0.04390936,7.159705E-05,0.2193475,0.01083526,0.6935555
26,0.02043296,1.238143E-05,0.01183563,0.04391104,7.159654E-05,0.2193461,0.01083507,0.6935552
27,0.02043319,1.23814E-05,0.01183555,0.04391249,7.159608E-05,0.2193442,0.01083486,0.6935557
28,0.02043343,1.23814E-05,0.01183548,0.04391371,7.159568E-05,0.2193422,0.01083466,0.6935565
29,0.02043368,1.238141E-05,0.0118354,0.04391468,7.159532E-05,0.2193398,0.01083445,0.6935581
30,0.02043394,1.238143E-05,0.01183531,0.04391541,7.159501E-05,0.2193372,0.01083426,0.6935599
31,0.02043419,1.238148E-05,0.01183521,0.04391591,7.159475E-05,0.2193342,0.01083407,0.6935623
32,0.02043443,1.238154E-05,0.0118351,0.04391615,7.159452E-05,0.2193312,0.01083388,0.6935652
33,0.02043468,1.238162E-05,0.01183499,0.0439162,7.159436E-05,0.2193282,0.01083372,0.6935683
34,0.02043491,1.238171E-05,0.01183487,0.04391601,7.159424E-05,0.219325,0.01083358,0.6935717
35,0.02043513,1.238181E-05,0.01183475,0.04391565,7.159421E-05,0.2193218,0.01083345,0.6935753
36,0.02043532,1.238193E-05,0.01183462,0.04391509,7.159417E-05,0.2193187,0.01083335,0.693579
37,0.0204355,1.238205E-05,0.01183449,0.04391437,7.159423E-05,0.2193156,0.01083327,0.6935828
38,0.02043564,1.238218E-05,0.01183436,0.04391351,7.15943E-05,0.2193127,0.01083321,0.6935866
39,0.02043577,1.238232E-05,0.01183423,0.04391254,7.159441E-05,0.2193099,0.01083318,0.6935904
40,0.02043586,1.238247E-05,0.0118341,0.04391149,7.159459E-05,0.2193075,0.01083317,0.6935939
41,0.02043595,1.238262E-05,0.01183398,0.04391038,7.159481E-05,0.2193054,0.01083319,0.6935971
42,0.02043599,1.238278E-05,0.01183387,0.0439092,7.159508E-05,0.2193035,0.01083323,0.6936002
43,0.02043601,1.238293E-05,0.01183375,0.04390801,7.159538E-05,0.2193018,0.01083328,0.693603
44,0.02043602,1.238309E-05,0.01183366,0.04390686,7.159576E-05,0.2193007,0.01083337,0.6936054
45,0.020436,1.238324E-05,0.01183357,0.04390571,7.159617E-05,0.2192999,0.01083346,0.6936074
46,0.02043596,1.238339E-05,0.01183349,0.04390462,7.159662E-05,0.2192994,0.01083357,0.693609
47,0.02043591,1.238354E-05,0.01183343,0.04390359,7.159707E-05,0.2192993,0.01083369,0.6936101
48,0.02043585,1.238368E-05,0.01183338,0.04390264,7.159758E-05,0.2192996,0.01083381,0.6936108
49,0.02043578,1.238382E-05,0.01183335,0.04390179,7.159813E-05,0.2193002,0.01083394,0.693611
50,0.02043571,1.238395E-05,0.01183333,0.04390106,7.159868E-05,0.2193011,0.01083407,0.6936108
51,0.02043564,1.238406E-05,0.01183333,0.04390043,7.159922E-05,0.2193022,0.01083419,0.6936102
52,0.02043557,1.238417E-05,0.01183335,0.04389993,7.159977E-05,0.2193036,0.01083431,0.6936092
53,0.02043551,1.238426E-05,0.01183338,0.04389955,7.160033E-05,0.2193052,0.01083442,0.6936079
54,0.02043547,1.238435E-05,0.01183343,0.04389929,7.160085E-05,0.219307,0.01083451,0.6936063
55,0.02043544,1.238442E-05,0.0118335,0.04389917,7.160137E-05,0.2193089,0.01083458,0.6936044
56,0.02043543,1.238447E-05,0.01183359,0.04389916,7.160185E-05,0.2193109,0.01083463,0.6936023
57,0.02043544,1.238452E-05,0.01183369,0.04389927,7.160233E-05,0.2193128,0.01083467,0.6936001
58,0.02043547,1.238455E-05,0.0118338,0.04389946,7.160273E-05,0.2193148,0.01083469,0.6935979
59,0.02043554,1.238456E-05,0.01183392,0.04389975,7.160307E-05,0.2193166,0.01083468,0.6935955
60,0.02043562,1.238456E-05,0.01183405,0.04390012,7.160334E-05,0.2193183,0.01083464,0.6935933
61,0.02043574,1.238455E-05,0.01183419,0.04390055,7.160356E-05,0.2193199,0.01083459,0.6935911
62,0.02043587,1.238452E-05,0.01183433,0.04390101,7.160367E-05,0.2193213,0.01083452,0.693589
63,0.02043605,1.238448E-05,0.01183449,0.04390151,7.160376E-05,0.2193224,0.01083442,0.6935871
64,0.02043624,1.238443E-05,0.01183464,0.04390202,7.160372E-05,0.2193234,0.01083431,0.6935854
65,0.02043645,1.238436E-05,0.01183479,0.04390255,7.16036E-05,0.219324,0.01083418,0.6935841
66,0.02043669,1.238428E-05,0.01183494,0.04390306,7.16034E-05,0.2193244,0.01083405,0.6935829
67,0.02043695,1.23842E-05,0.01183508,0.04390353,7.160314E-05,0.2193245,0.0108339,0.693582
68,0.02043722,1.23841E-05,0.01183521,0.04390398,7.160274E-05,0.2193244,0.01083375,0.6935815
69,0.0204375,1.2384E-05,0.01183533,0.04390436,7.16023E-05,0.2193241,0.0108336,0.6935811
70,0.02043777,1.238388E-05,0.01183544,0.04390466,7.160172E-05,0.2193234,0.01083344,0.6935813
71,0.02043805,1.238377E-05,0.01183553,0.04390491,7.160109E-05,0.2193227,0.0108333,0.6935815
72,0.02043834,1.238365E-05,0.01183561,0.04390509,7.160042E-05,0.2193218,0.01083317,0.6935821
73,0.0204386,1.238353E-05,0.01183567,0.04390518,7.159964E-05,0.2193207,0.01083305,0.6935828
74,0.02043885,1.238341E-05,0.01183571,0.04390519,7.159883E-05,0.2193196,0.01083294,0.6935837
75,0.02043909,1.238329E-05,0.01183573,0.04390512,7.159799E-05,0.2193184,0.01083285,0.6935848
76,0.02043932,1.238319E-05,0.01183573,0.04390499,7.159713E-05,0.2193173,0.01083279,0.6935859
77,0.02043951,1.238309E-05,0.01183572,0.04390477,7.159624E-05,0.2193162,0.01083275,0.6935871
78,0.02043968,1.238299E-05,0.01183568,0.04390449,7.159536E-05,0.2193152,0.01083274,0.6935883
79,0.02043982,1.23829E-05,0.01183562,0.04390415,7.159447E-05,0.2193142,0.01083274,0.6935894
80,0.02043994,1.238284E-05,0.01183555,0.04390376,7.159363E-05,0.2193136,0.01083278,0.6935905
81,0.02044002,1.238278E-05,0.01183546,0.04390333,7.159285E-05,0.2193131,0.01083284,0.6935913
82,0.02044007,1.238274E-05,0.01183535,0.04390289,7.159211E-05,0.2193129,0.01083292,0.6935919
83,0.0204401,1.238272E-05,0.01183524,0.04390243,7.159145E-05,0.219313,0.01083302,0.6935922
84,0.02044009,1.238271E-05,0.0118351,0.04390194,7.159083E-05,0.2193132,0.01083314,0.6935925
85,0.02044007,1.238272E-05,0.01183495,0.04390147,7.159034E-05,0.2193138,0.01083327,0.6935924
86,0.02044002,1.238276E-05,0.01183481,0.04390101,7.158996E-05,0.2193148,0.01083342,0.6935919
87,0.02043995,1.238281E-05,0.01183465,0.04390056,7.158965E-05,0.2193161,0.01083357,0.6935912
88,0.02043987,1.238288E-05,0.01183449,0.04390014,7.158947E-05,0.2193175,0.01083372,0.6935903
89,0.02043978,1.238297E-05,0.01183433,0.04389978,7.158941E-05,0.2193192,0.01083388,0.693589
90,0.02043967,1.238307E-05,0.01183418,0.04389944,7.158945E-05,0.2193211,0.01083403,0.6935875
91,0.02043957,1.238321E-05,0.01183403,0.04389917,7.158965E-05,0.2193233,0.01083417,0.6935858
92,0.02043947,1.238334E-05,0.01183388,0.04389892,7.158991E-05,0.2193256,0.0108343,0.6935839
93,0.02043937,1.238349E-05,0.01183374,0.04389871,7.159026E-05,0.2193278,0.0108344,0.693582
94,0.02043929,1.238366E-05,0.01183362,0.04389859,7.159078E-05,0.2193304,0.01083449,0.6935797
95,0.02043921,1.238383E-05,0.0118335,0.04389848,7.159133E-05,0.2193327,0.01083456,0.6935775
96,0.02043917,1.238402E-05,0.01183341,0.04389843,7.159201E-05,0.2193352,0.01083461,0.6935753
97,0.02043913,1.238421E-05,0.01183332,0.04389841,7.159272E-05,0.2193374,0.01083462,0.6935732
98,0.02043912,1.238439E-05,0.01183325,0.04389842,7.159351E-05,0.2193395,0.01083461,0.6935711
99,0.02043914,1.238458E-05,0.01183319,0.04389846,7.159433E-05,0.2193415,0.01083457,0.6935692
100,0.02043918,1.238477E-05,0.01183316,0.04389849,7.159518E-05,0.2193432,0.01083451,0.6935674
101,0.02043925,1.238494E-05,0.01183313,0.04389854,7.159603E-05,0.2193447,0.01083442,0.693566
102,0.02043933,1.238512E-05,0.01183312,0.04389858,7.159686E-05,0.2193458,0.01083431,0.6935649
103,0.02043945,1.238528E-05,0.01183314,0.04389864,7.159769E-05,0.2193467,0.01083418,0.6935639
104,0.02043957,1.238541E-05,0.01183315,0.04389864,7.159846E-05,0.219347,0.01083403,0.6935636
105,0.02043973,1.238555E-05,0.01183319,0.04389865,7.15992E-05,0.2193473,0.01083387,0.6935633
106,0.02043989,1.238566E-05,0.01183324,0.04389862,7.159985E-05,0.219347,0.0108337,0.6935635
107,0.02044007,1.238575E-05,0.0118333,0.04389856,7.160047E-05,0.2193466,0.01083352,0.693564
108,0.02044025,1.238582E-05,0.01183336,0.04389847,7.160094E-05,0.2193457,0.01083335,0.6935649
109,0.02044043,1.238587E-05,0.01183344,0.04389835,7.160135E-05,0.2193446,0.01083318,0.693566
110,0.02044061,1.238589E-05,0.01183352,0.0438982,7.160164E-05,0.2193432,0.01083302,0.6935675
111,0.02044077,1.238589E-05,0.0118336,0.04389799,7.160181E-05,0.2193415,0.01083288,0.6935693
112,0.02044093,1.238587E-05,0.01183369,0.04389779,7.160192E-05,0.2193398,0.01083275,0.693571
113,0.02044106,1.238582E-05,0.01183378,0.04389754,7.160185E-05,0.2193379,0.01083264,0.6935731
114,0.02044118,1.238575E-05,0.01183387,0.0438973,7.160173E-05,0.219336,0.01083257,0.6935751
115,0.02044127,1.238566E-05,0.01183396,0.04389704,7.160146E-05,0.219334,0.01083251,0.6935772
116,0.02044134,1.238556E-05,0.01183405,0.04389678,7.16011E-05,0.219332,0.01083249,0.6935793
117,0.02044138,1.238543E-05,0.01183414,0.04389656,7.160068E-05,0.2193302,0.0108325,0.6935812
118,0.02044138,1.238529E-05,0.01183422,0.04389634,7.160017E-05,0.2193284,0.01083254,0.6935831
119,0.02044136,1.238513E-05,0.0118343,0.04389616,7.159958E-05,0.2193269,0.01083261,0.6935847
120,0.0204413,1.238497E-05,0.01183437,0.04389603,7.159893E-05,0.2193255,0.0108327,0.6935861
121,0.02044122,1.238479E-05,0.01183444,0.04389595,7.159823E-05,0.2193244,0.01083282,0.6935872
122,0.0204411,1.238461E-05,0.0118345,0.04389594,7.15975E-05,0.2193234,0.01083296,0.6935881
123,0.02044096,1.238442E-05,0.01183456,0.04389599,7.159672E-05,0.2193228,0.01083313,0.6935886
124,0.0204408,1.238424E-05,0.01183462,0.04389613,7.159598E-05,0.2193225,0.01083331,0.6935887
125,0.02044062,1.238405E-05,0.01183467,0.04389635,7.159518E-05,0.2193224,0.01083349,0.6935885
126,0.02044043,1.238388E-05,0.01183472,0.04389665,7.159443E-05,0.2193226,0.01083369,0.693588
127,0.02044023,1.23837E-05,0.01183475,0.04389704,7.159368E-05,0.2193229,0.01083388,0.6935872
128,0.02044003,1.238353E-05,0.01183479,0.0438975,7.159296E-05,0.2193236,0.01083406,0.6935861
129,0.02043983,1.238337E-05,0.01183482,0.04389804,7.159229E-05,0.2193244,0.01083423,0.6935847
130,0.02043964,1.238323E-05,0.01183485,0.04389867,7.15917E-05,0.2193254,0.01083439,0.6935831
131,0.02043946,1.238309E-05,0.01183487,0.04389935,7.159112E-05,0.2193263,0.01083453,0.6935814
132,0.02043932,1.238298E-05,0.0118349,0.0439001,7.159063E-05,0.2193276,0.01083464,0.6935795
133,0.02043919,1.238287E-05,0.01183491,0.04390088,7.159017E-05,0.2193287,0.01083473,0.6935776
134,0.02043909,1.238278E-05,0.01183493,0.04390169,7.158978E-05,0.2193297,0.01083478,0.6935758
135,0.02043902,1.238271E-05,0.01183494,0.04390251,7.158945E-05,0.2193307,0.0108348,0.6935741
136,0.02043899,1.238265E-05,0.01183495,0.04390333,7.158918E-05,0.2193315,0.01083478,0.6935724
137,0.02043899,1.238261E-05,0.01183494,0.04390411,7.158893E-05,0.2193321,0.01083473,0.6935712
138,0.02043903,1.238258E-05,0.01183494,0.04390487,7.158874E-05,0.2193324,0.01083465,0.6935701
139,0.02043911,1.238256E-05,0.01183493,0.04390555,7.15886E-05,0.2193325,0.01083453,0.6935694
140,0.02043922,1.238256E-05,0.01183491,0.04390617,7.158852E-05,0.2193323,0.01083438,0.6935691
141,0.02043936,1.238257E-05,0.01183488,0.04390671,7.158844E-05,0.2193318,0.01083421,0.6935691
142,0.02043954,1.238259E-05,0.01183485,0.04390714,7.158835E-05,0.2193309,0.01083401,0.6935696
143,0.02043974,1.238263E-05,0.01183481,0.04390745,7.158835E-05,0.2193299,0.0108338,0.6935703
144,0.02043996,1.238267E-05,0.01183476,0.04390765,7.158833E-05,0.2193285,0.01083358,0.6935716
145,0.0204402,1.238271E-05,0.01183469,0.04390771,7.15883E-05,0.2193268,0.01083335,0.6935732
146,0.02044044,1.238277E-05,0.01183462,0.04390762,7.158829E-05,0.2193249,0.01083312,0.6935753
147,0.0204407,1.238283E-05,0.01183454,0.04390744,7.15883E-05,0.2193229,0.0108329,0.6935776
148,0.02044094,1.238289E-05,0.01183445,0.0439071,7.158829E-05,0.2193207,0.01083269,0.6935802
149,0.02044117,1.238295E-05,0.01183434,0.04390663,7.158829E-05,0.2193183,0.0108325,0.693583
150,0.02044139,1.238303E-05,0.01183423,0.04390606,7.158832E-05,0.2193161,0.01083234,0.6935859
151,0.02044159,1.238309E-05,0.01183411,0.04390537,7.15883E-05,0.2193138,0.0108322,0.6935889
152,0.02044175,1.238316E-05,0.01183398,0.04390459,7.158831E-05,0.2193116,0.0108321,0.693592
153,0.02044189,1.238323E-05,0.01183385,0.04390375,7.158832E-05,0.2193097,0.01083203,0.6935948
154,0.02044198,1.23833E-05,0.01183371,0.04390284,7.158834E-05,0.219308,0.01083201,0.6935975
155,0.02044204,1.238336E-05,0.01183357,0.04390189,7.158839E-05,0.2193066,0.01083203,0.6935999
156,0.02044204,1.238343E-05,0.01183342,0.04390094,7.158845E-05,0.2193056,0.01083209,0.6936019
157,0.02044201,1.23835E-05,0.01183328,0.04389999,7.158855E-05,0.2193051,0.01083219,0.6936035
158,0.02044193,1.238356E-05,0.01183313,0.04389906,7.158865E-05,0.2193049,0.01083233,0.6936046
159,0.02044182,1.238363E-05,0.011833,0.04389821,7.158885E-05,0.2193053,0.01083251,0.6936052
160,0.02044166,1.238369E-05,0.01183287,0.04389742,7.158909E-05,0.2193062,0.01083272,0.6936051
161,0.02044146,1.238375E-05,0.01183275,0.0438967,7.158933E-05,0.2193075,0.01083295,0.6936046
162,0.02044123,1.238381E-05,0.01183264,0.04389611,7.158965E-05,0.2193094,0.01083321,0.6936034
163,0.02044097,1.238387E-05,0.01183255,0.04389564,7.159004E-05,0.2193118,0.01083348,0.6936016
164,0.0204407,1.238394E-05,0.01183248,0.04389532,7.159049E-05,0.2193147,0.01083376,0.6935991
165,0.02044042,1.2384E-05,0.01183242,0.04389514,7.159099E-05,0.2193179,0.01083404,0.6935961
166,0.02044013,1.238405E-05,0.01183239,0.04389511,7.159157E-05,0.2193215,0.01083432,0.6935926
167,0.02043983,1.23841E-05,0.01183237,0.0438952,7.159213E-05,0.2193253,0.01083457,0.6935888
168,0.02043957,1.238416E-05,0.01183238,0.04389549,7.159282E-05,0.2193294,0.01083481,0.6935844
169,0.02043931,1.238421E-05,0.01183241,0.04389589,7.15935E-05,0.2193336,0.01083503,0.6935798
170,0.02043908,1.238425E-05,0.01183247,0.04389643,7.159419E-05,0.2193377,0.0108352,0.6935751
171,0.02043888,1.238428E-05,0.01183255,0.04389709,7.159491E-05,0.2193418,0.01083533,0.6935703
172,0.02043873,1.238431E-05,0.01183265,0.04389787,7.159564E-05,0.2193459,0.01083543,0.6935655
173,0.02043862,1.238433E-05,0.01183277,0.04389873,7.159637E-05,0.2193496,0.01083547,0.6935608
174,0.02043856,1.238435E-05,0.01183292,0.04389965,7.159704E-05,0.2193529,0.01083547,0.6935565
175,0.02043855,1.238434E-05,0.01183307,0.04390061,7.159766E-05,0.2193557,0.01083541,0.6935526
176,0.02043859,1.238433E-05,0.01183324,0.04390159,7.159822E-05,0.2193581,0.0108353,0.6935491
177,0.0204387,1.238431E-05,0.01183344,0.04390258,7.159876E-05,0.21936,0.01083515,0.6935461
178,0.02043885,1.238427E-05,0.01183363,0.04390352,7.159915E-05,0.2193612,0.01083496,0.6935439
179,0.02043905,1.238421E-05,0.01183383,0.0439044,7.159942E-05,0.2193616,0.01083472,0.6935424
180,0.0204393,1.238415E-05,0.01183403,0.04390521,7.159961E-05,0.2193615,0.01083444,0.6935415
181,0.02043959,1.238407E-05,0.01183423,0.04390592,7.159969E-05,0.2193607,0.01083414,0.6935415
182,0.02043992,1.238397E-05,0.01183443,0.04390652,7.159963E-05,0.2193592,0.01083382,0.6935421
183,0.02044027,1.238386E-05,0.01183461,0.04390698,7.159941E-05,0.2193569,0.01083349,0.6935437
184,0.02044065,1.238374E-05,0.01183479,0.04390731,7.159907E-05,0.2193542,0.01083315,0.6935459
185,0.02044102,1.238359E-05,0.01183495,0.04390746,7.159856E-05,0.2193508,0.01083281,0.693549
186,0.02044141,1.238344E-05,0.01183509,0.04390747,7.159793E-05,0.2193469,0.01083249,0.6935526
187,0.02044177,1.238327E-05,0.0118352,0.04390729,7.159713E-05,0.2193426,0.01083219,0.693557
188,0.02044213,1.23831E-05,0.01183529,0.04390699,7.159625E-05,0.2193381,0.01083193,0.6935616
189,0.02044246,1.238292E-05,0.01183536,0.04390654,7.159526E-05,0.2193333,0.0108317,0.6935666
190,0.02044275,1.238274E-05,0.0118354,0.04390593,7.159416E-05,0.2193285,0.01083151,0.693572
191,0.02044299,1.238255E-05,0.01183541,0.0439052,7.159299E-05,0.2193236,0.01083137,0.6935775
192,0.02044318,1.238236E-05,0.01183539,0.04390437,7.159174E-05,0.2193189,0.01083129,0.6935829
193,0.02044331,1.238218E-05,0.01183534,0.04390346,7.159045E-05,0.2193143,0.01083126,0.6935884
194,0.02044339,1.2382E-05,0.01183527,0.04390249,7.158914E-05,0.2193101,0.01083129,0.6935934
195,0.0204434,1.238183E-05,0.01183517,0.04390149,7.158789E-05,0.2193065,0.01083138,0.6935982
196,0.02044335,1.238168E-05,0.01183504,0.04390049,7.158666E-05,0.2193034,0.01083153,0.6936023
197,0.02044323,1.238155E-05,0.0118349,0.04389951,7.158548E-05,0.2193008,0.01083174,0.6936059
198,0.02044306,1.238143E-05,0.01183473,0.04389856,7.158439E-05,0.2192989,0.01083199,0.6936088
199,0.02044282,1.238133E-05,0.01183454,0.04389769,7.158339E-05,0.2192977,0.01083228,0.693611
200,0.02044253,1.238125E-05,0.01183435,0.04389693,7.158252E-05,0.2192972,0.01083261,0.6936125
201,0.02044221,1.23812E-05,0.01183415,0.04389628,7.158182E-05,0.2192976,0.01083297,0.6936129
202,0.02044183,1.238117E-05,0.01183394,0.04389574,7.158124E-05,0.2192985,0.01083334,0.6936126
203,0.02044143,1.238118E-05,0.01183373,0.04389538,7.158085E-05,0.2193003,0.01083373,0.6936114
204,0.02044102,1.238121E-05,0.01183352,0.04389516,7.158065E-05,0.2193026,0.01083412,0.6936097
205,0.02044059,1.238126E-05,0.01183332,0.0438951,7.158061E-05,0.2193055,0.01083448,0.693607
206,0.02044017,1.238134E-05,0.01183313,0.04389522,7.158078E-05,0.2193091,0.01083484,0.6936036
207,0.02043977,1.238145E-05,0.01183296,0.0438955,7.158111E-05,0.219313,0.01083516,0.6935996
208,0.02043939,1.238159E-05,0.0118328,0.04389595,7.158169E-05,0.2193173,0.01083545,0.6935952
209,0.02043904,1.238174E-05,0.01183266,0.04389653,7.158238E-05,0.2193217,0.01083568,0.6935904
210,0.02043874,1.238192E-05,0.01183254,0.04389725,7.158324E-05,0.2193262,0.01083586,0.6935854
211,0.02043849,1.238211E-05,0.01183244,0.04389807,7.158423E-05,0.2193308,0.01083598,0.6935803
212,0.0204383,1.238231E-05,0.01183236,0.04389896,7.158533E-05,0.219335,0.01083603,0.6935753
213,0.02043819,1.238252E-05,0.01183232,0.04389995,7.158656E-05,0.2193392,0.01083602,0.6935703
214,0.02043814,1.238274E-05,0.01183229,0.04390096,7.158785E-05,0.219343,0.01083595,0.6935657
215,0.02043816,1.238295E-05,0.01183228,0.04390196,7.158916E-05,0.2193462,0.0108358,0.6935616
216,0.02043825,1.238317E-05,0.0118323,0.04390296,7.159049E-05,0.219349,0.0108356,0.693558
217,0.02043841,1.238337E-05,0.01183234,0.04390389,7.159181E-05,0.219351,0.01083534,0.6935551
218,0.02043864,1.238357E-05,0.0118324,0.04390477,7.159312E-05,0.2193525,0.01083502,0.6935527
219,0.02043892,1.238375E-05,0.01183247,0.04390552,7.159432E-05,0.2193531,0.01083467,0.6935514
220,0.02043926,1.238391E-05,0.01183256,0.04390616,7.159545E-05,0.2193531,0.01083427,0.6935507
221,0.02043964,1.238405E-05,0.01183266,0.04390664,7.159646E-05,0.2193523,0.01083386,0.6935509
222,0.02044006,1.238416E-05,0.01183276,0.04390698,7.159735E-05,0.219351,0.01083343,0.6935518
223,0.0204405,1.238425E-05,0.01183287,0.04390713,7.159806E-05,0.2193487,0.010833,0.6935538
224,0.02044095,1.238431E-05,0.01183298,0.04390711,7.159864E-05,0.2193461,0.01083258,0.6935564
225,0.02044139,1.238434E-05,0.01183309,0.0439069,7.159902E-05,0.2193428,0.01083218,0.6935596
226,0.02044184,1.238433E-05,0.01183319,0.04390652,7.159923E-05,0.2193392,0.01083181,0.6935634
227,0.02044225,1.23843E-05,0.01183329,0.04390598,7.159925E-05,0.2193353,0.01083148,0.6935677
228,0.02044262,1.238424E-05,0.01183338,0.04390529,7.15991E-05,0.2193312,0.01083121,0.6935723
229,0.02044295,1.238415E-05,0.01183346,0.04390447,7.15988E-05,0.219327,0.010831,0.6935772
230,0.02044322,1.238403E-05,0.01183352,0.04390354,7.159836E-05,0.2193229,0.01083085,0.693582
231,0.02044342,1.23839E-05,0.01183357,0.04390251,7.159774E-05,0.2193189,0.01083078,0.6935868
232,0.02044355,1.238373E-05,0.01183361,0.04390144,7.159701E-05,0.2193151,0.01083077,0.6935915
233,0.02044361,1.238356E-05,0.01183364,0.04390034,7.159618E-05,0.219312,0.01083085,0.6935956
234,0.02044359,1.238336E-05,0.01183365,0.04389923,7.159523E-05,0.2193092,0.010831,0.6935994
235,0.02044349,1.238316E-05,0.01183365,0.04389819,7.159429E-05,0.2193071,0.01083123,0.6936023
236,0.02044331,1.238295E-05,0.01183364,0.04389721,7.159328E-05,0.2193057,0.01083152,0.6936046
237,0.02044306,1.238273E-05,0.01183362,0.04389634,7.159226E-05,0.2193049,0.01083186,0.6936062
238,0.02044274,1.238253E-05,0.0118336,0.04389559,7.159128E-05,0.2193051,0.01083226,0.6936068
239,0.02044237,1.238232E-05,0.01183357,0.04389501,7.159034E-05,0.2193059,0.0108327,0.6936064
240,0.02044195,1.238213E-05,0.01183354,0.04389462,7.158948E-05,0.2193075,0.01083318,0.6936052
241,0.02044148,1.238195E-05,0.0118335,0.0438944,7.158869E-05,0.2193099,0.01083367,0.6936031
242,0.02044099,1.238178E-05,0.01183347,0.04389439,7.158799E-05,0.2193128,0.01083416,0.6936002
243,0.0204405,1.238163E-05,0.01183345,0.04389462,7.158744E-05,0.2193166,0.01083464,0.6935963
244,0.02044,1.23815E-05,0.01183343,0.04389504,7.1587E-05,0.2193206,0.0108351,0.6935919
245,0.02043951,1.23814E-05,0.01183343,0.04389565,7.158668E-05,0.2193251,0.01083552,0.6935868
246,0.02043906,1.238131E-05,0.01183343,0.04389648,7.158652E-05,0.21933,0.0108359,0.6935812
247,0.02043864,1.238125E-05,0.01183344,0.04389748,7.158646E-05,0.2193348,0.01083621,0.6935754
248,0.02043829,1.238122E-05,0.01183347,0.04389865,7.158655E-05,0.2193398,0.01083646,0.6935694
249,0.02043799,1.238119E-05,0.0118335,0.04389992,7.158672E-05,0.2193445,0.01083663,0.6935635
250,0.02043778,1.23812E-05,0.01183355,0.04390131,7.158703E-05,0.219349,0.01083672,0.6935577
251,0.02043764,1.238122E-05,0.0118336,0.04390275,7.15874E-05,0.2193529,0.01083672,0.6935524
252,0.0204376,1.238126E-05,0.01183367,0.04390422,7.158787E-05,0.2193564,0.01083664,0.6935474
253,0.02043764,1.238132E-05,0.01183375,0.04390566,7.158838E-05,0.2193592,0.01083647,0.6935433
254,0.02043779,1.238139E-05,0.01183383,0.04390706,7.158893E-05,0.2193613,0.01083621,0.6935399
255,0.02043802,1.238146E-05,0.01183391,0.04390835,7.158947E-05,0.2193624,0.01083589,0.6935375
256,0.02043833,1.238155E-05,0.011834,0.0439095,7.159E-05,0.2193626,0.01083548,0.6935361
257,0.02043872,1.238163E-05,0.01183407,0.04391049,7.15905E-05,0.2193619,0.01083502,0.6935359
258,0.02043918,1.238172E-05,0.01183415,0.04391127,7.159092E-05,0.2193602,0.0108345,0.6935367
259,0.0204397,1.23818E-05,0.01183421,0.04391183,7.159126E-05,0.2193575,0.01083395,0.6935388
260,0.02044026,1.238188E-05,0.01183426,0.04391212,7.159152E-05,0.219354,0.01083338,0.6935419
261,0.02044085,1.238195E-05,0.01183429,0.04391216,7.159165E-05,0.2193496,0.01083281,0.6935464
262,0.02044146,1.238201E-05,0.0118343,0.04391193,7.159171E-05,0.2193445,0.01083224,0.6935515
263,0.02044207,1.238206E-05,0.0118343,0.04391142,7.159163E-05,0.2193388,0.01083169,0.6935577
264,0.02044266,1.23821E-05,0.01183427,0.04391064,7.159144E-05,0.2193326,0.01083119,0.6935647
265,0.02044321,1.238213E-05,0.01183421,0.04390959,7.15911E-05,0.2193261,0.01083074,0.6935722
266,0.02044372,1.238214E-05,0.01183413,0.04390832,7.159069E-05,0.2193194,0.01083036,0.6935801
267,0.02044415,1.238215E-05,0.01183402,0.04390684,7.159016E-05,0.2193128,0.01083006,0.6935881
268,0.02044451,1.238214E-05,0.01183389,0.04390517,7.158954E-05,0.2193063,0.01082984,0.6935963
269,0.02044479,1.238212E-05,0.01183374,0.04390338,7.158888E-05,0.2193003,0.01082972,0.6936041
270,0.02044496,1.23821E-05,0.01183356,0.04390148,7.158815E-05,0.2192948,0.0108297,0.6936115
271,0.02044503,1.238207E-05,0.01183336,0.04389954,7.158741E-05,0.21929,0.01082979,0.6936183
272,0.02044499,1.238203E-05,0.01183315,0.04389758,7.158668E-05,0.219286,0.01082997,0.6936244
273,0.02044483,1.2382E-05,0.01183292,0.04389567,7.158598E-05,0.2192831,0.01083026,0.6936291
274,0.02044458,1.238197E-05,0.01183269,0.04389387,7.158535E-05,0.2192813,0.01083063,0.693633
275,0.02044422,1.238195E-05,0.01183246,0.04389222,7.15848E-05,0.2192806,0.0108311,0.6936355
276,0.02044376,1.238193E-05,0.01183223,0.04389075,7.158436E-05,0.2192811,0.01083164,0.6936365
277,0.02044321,1.238192E-05,0.011832,0.04388951,7.158403E-05,0.2192828,0.01083224,0.6936362
278,0.02044259,1.238192E-05,0.01183179,0.04388854,7.158387E-05,0.2192859,0.01083288,0.6936344
279,0.02044192,1.238193E-05,0.0118316,0.04388786,7.158388E-05,0.21929,0.01083356,0.6936312
280,0.0204412,1.238196E-05,0.01183143,0.0438875,7.158407E-05,0.2192952,0.01083424,0.6936264
281,0.02044046,1.2382E-05,0.01183128,0.04388746,7.158442E-05,0.2193014,0.01083492,0.6936205
282,0.02043972,1.238206E-05,0.01183117,0.04388778,7.158497E-05,0.2193084,0.01083557,0.6936134
283,0.02043899,1.238213E-05,0.01183109,0.04388843,7.158572E-05,0.2193162,0.01083619,0.6936051
284,0.0204383,1.238222E-05,0.01183106,0.04388941,7.158663E-05,0.2193245,0.01083675,0.693596
285,0.02043767,1.238232E-05,0.01183106,0.0438907,7.158771E-05,0.219333,0.01083722,0.6935863
286,0.0204371,1.238242E-05,0.0118311,0.04389225,7.158891E-05,0.2193417,0.01083761,0.6935763
287,0.02043662,1.238254E-05,0.01183119,0.04389405,7.159023E-05,0.2193502,0.0108379,0.693566
288,0.02043625,1.238266E-05,0.01183131,0.04389605,7.159164E-05,0.2193584,0.01083807,0.693556
289,0.020436,1.238278E-05,0.01183148,0.04389821,7.159311E-05,0.219366,0.01083814,0.6935462
290,0.02043585,1.238289E-05,0.01183168,0.04390046,7.159459E-05,0.2193728,0.01083807,0.6935371
291,0.02043585,1.2383E-05,0.01183191,0.04390275,7.159605E-05,0.2193787,0.01083789,0.693529
292,0.02043597,1.238311E-05,0.01183218,0.04390504,7.159745E-05,0.2193835,0.01083759,0.6935217
293,0.02043622,1.238319E-05,0.01183247,0.04390726,7.15988E-05,0.219387,0.01083718,0.693516
294,0.02043659,1.238326E-05,0.01183277,0.04390933,7.159996E-05,0.2193891,0.01083666,0.6935115
295,0.0204371,1.23833E-05,0.01183309,0.04391124,7.160098E-05,0.2193897,0.01083605,0.6935089
296,0.0204377,1.238333E-05,0.01183341,0.04391294,7.160184E-05,0.219389,0.01083537,0.6935076
297,0.0204384,1.238332E-05,0.01183373,0.04391431,7.160244E-05,0.2193866,0.01083462,0.6935083
298,0.02043916,1.238328E-05,0.01183404,0.04391538,7.160279E-05,0.2193828,0.01083384,0.6935107
299,0.02043999,1.238321E-05,0.01183433,0.04391612,7.160287E-05,0.2193777,0.01083304,0.6935148
300,0.02044085,1.238311E-05,0.0118346,0.04391649,7.160267E-05,0.2193713,0.01083224,0.6935205
301,0.02044173,1.238298E-05,0.01183484,0.04391649,7.160219E-05,0.2193638,0.01083145,0.6935277
302,0.02044259,1.238282E-05,0.01183505,0.04391608,7.160143E-05,0.2193553,0.01083072,0.6935363
303,0.02044342,1.238263E-05,0.01183521,0.04391529,7.160039E-05,0.2193461,0.01083004,0.6935459
304,0.02044421,1.238241E-05,0.01183533,0.04391418,7.15991E-05,0.2193364,0.01082945,0.6935565
305,0.0204449,1.238217E-05,0.01183541,0.0439127,7.159755E-05,0.2193262,0.01082896,0.6935678
306,0.02044551,1.238191E-05,0.01183543,0.04391097,7.159582E-05,0.2193163,0.01082858,0.6935792
307,0.02044601,1.238164E-05,0.01183541,0.04390895,7.15939E-05,0.2193065,0.01082833,0.6935908
308,0.02044637,1.238136E-05,0.01183534,0.04390674,7.159186E-05,0.2192973,0.01082821,0.6936021
309,0.0204466,1.238108E-05,0.01183522,0.0439044,7.158973E-05,0.2192887,0.01082823,0.6936129
310,0.02044667,1.23808E-05,0.01183505,0.04390198,7.158754E-05,0.2192811,0.0108284,0.6936228
311,0.0204466,1.238052E-05,0.01183484,0.04389952,7.158536E-05,0.2192747,0.0108287,0.6936317
312,0.02044638,1.238026E-05,0.01183459,0.04389712,7.158325E-05,0.2192695,0.01082913,0.6936392
313,0.02044601,1.238003E-05,0.01183431,0.04389485,7.158123E-05,0.219266,0.01082969,0.6936452
314,0.0204455,1.237982E-05,0.01183401,0.04389274,7.157942E-05,0.219264,0.01083036,0.6936495
315,0.02044486,1.237964E-05,0.01183368,0.04389085,7.157774E-05,0.2192636,0.01083113,0.6936519
316,0.0204441,1.237949E-05,0.01183335,0.04388926,7.157632E-05,0.2192649,0.01083196,0.6936525
317,0.02044326,1.237939E-05,0.01183301,0.04388798,7.157519E-05,0.2192679,0.01083285,0.6936511
318,0.02044235,1.237933E-05,0.01183268,0.04388709,7.157437E-05,0.2192725,0.01083378,0.6936476
319,0.02044138,1.237932E-05,0.01183236,0.04388659,7.157389E-05,0.2192786,0.01083471,0.6936424
320,0.02044038,1.237935E-05,0.01183206,0.04388648,7.157373E-05,0.219286,0.01083561,0.6936356
321,0.02043939,1.237944E-05,0.01183178,0.04388679,7.157394E-05,0.2192945,0.01083648,0.6936271
322,0.02043843,1.237957E-05,0.01183154,0.04388753,7.15745E-05,0.2193042,0.01083729,0.6936171
323,0.02043752,1.237974E-05,0.01183133,0.04388864,7.157542E-05,0.2193143,0.010838,0.6936063
324,0.02043669,1.237996E-05,0.01183117,0.04389012,7.157664E-05,0.2193248,0.0108386,0.6935946
325,0.02043596,1.238021E-05,0.01183105,0.04389192,7.157814E-05,0.2193357,0.01083908,0.6935824
326,0.02043536,1.23805E-05,0.01183097,0.04389402,7.157994E-05,0.2193463,0.01083941,0.69357
327,0.0204349,1.238081E-05,0.01183095,0.04389633,7.158197E-05,0.2193566,0.01083959,0.6935576
328,0.02043459,1.238115E-05,0.01183097,0.04389881,7.158419E-05,0.2193661,0.01083961,0.6935459
329,0.02043445,1.23815E-05,0.01183104,0.04390138,7.158652E-05,0.2193748,0.01083948,0.6935349
330,0.02043448,1.238185E-05,0.01183115,0.04390399,7.158892E-05,0.2193822,0.01083917,0.6935251
331,0.02043468,1.23822E-05,0.0118313,0.04390654,7.159135E-05,0.2193881,0.01083871,0.6935167
332,0.02043505,1.238255E-05,0.01183149,0.04390898,7.159372E-05,0.2193926,0.01083811,0.6935098
333,0.02043559,1.238287E-05,0.01183171,0.04391122,7.159601E-05,0.2193953,0.01083738,0.6935049
334,0.02043627,1.238317E-05,0.01183195,0.04391323,7.159813E-05,0.2193961,0.01083654,0.6935019
335,0.02043709,1.238344E-05,0.01183221,0.04391491,7.160009E-05,0.2193952,0.0108356,0.6935011
336,0.02043802,1.238367E-05,0.01183247,0.0439162,7.160172E-05,0.2193924,0.01083459,0.6935023
337,0.02043903,1.238386E-05,0.01183273,0.0439171,7.160312E-05,0.2193878,0.01083354,0.6935058
338,0.02044011,1.2384E-05,0.01183299,0.04391756,7.160417E-05,0.2193815,0.01083248,0.6935114
339,0.02044123,1.238409E-05,0.01183323,0.04391758,7.16049E-05,0.2193739,0.01083143,0.6935186
340,0.02044235,1.238412E-05,0.01183345,0.04391711,7.160524E-05,0.2193648,0.01083042,0.6935279
341,0.02044345,1.23841E-05,0.01183365,0.04391619,7.160521E-05,0.2193548,0.01082948,0.6935385
342,0.02044448,1.238403E-05,0.01183381,0.04391482,7.160479E-05,0.2193438,0.01082864,0.6935505
343,0.02044544,1.238391E-05,0.01183394,0.04391304,7.160404E-05,0.2193324,0.01082792,0.6935633
344,0.02044628,1.238373E-05,0.01183402,0.04391089,7.160297E-05,0.2193208,0.01082734,0.6935767
345,0.02044699,1.238352E-05,0.01183407,0.04390845,7.160158E-05,0.2193093,0.01082693,0.6935902
346,0.02044754,1.238326E-05,0.01183407,0.04390573,7.15999E-05,0.2192983,0.01082668,0.6936038
347,0.02044791,1.238298E-05,0.01183403,0.04390283,7.1598E-05,0.219288,0.01082662,0.6936166
348,0.0204481,1.238266E-05,0.01183395,0.04389983,7.159595E-05,0.2192787,0.01082674,0.6936287
349,0.02044809,1.238233E-05,0.01183383,0.04389683,7.159377E-05,0.2192709,0.01082706,0.6936393
350,0.02044788,1.238198E-05,0.01183366,0.04389386,7.159152E-05,0.2192644,0.01082755,0.6936486
351,0.02044748,1.238163E-05,0.01183348,0.04389105,7.158927E-05,0.2192599,0.01082821,0.6936559
352,0.02044689,1.238128E-05,0.01183327,0.04388848,7.158711E-05,0.2192573,0.01082903,0.693661
353,0.02044613,1.238095E-05,0.01183305,0.04388621,7.158505E-05,0.2192568,0.01082998,0.693664
354,0.02044521,1.238064E-05,0.01183281,0.04388429,7.158314E-05,0.2192581,0.01083104,0.6936647
355,0.02044416,1.238036E-05,0.01183257,0.04388283,7.158149E-05,0.2192616,0.01083219,0.6936627
356,0.020443,1.238011E-05,0.01183235,0.04388185,7.158011E-05,0.2192672,0.01083339,0.6936583
357,0.02044176,1.23799E-05,0.01183213,0.04388138,7.157902E-05,0.2192746,0.01083461,0.6936516
358,0.02044049,1.237974E-05,0.01183194,0.04388146,7.157827E-05,0.2192837,0.01083583,0.6936427
359,0.02043919,1.237962E-05,0.01183177,0.04388209,7.157787E-05,0.2192943,0.010837,0.6936318
360,0.02043793,1.237956E-05,0.01183164,0.04388328,7.157784E-05,0.2193061,0.01083811,0.6936191
361,0.02043673,1.237954E-05,0.01183155,0.04388499,7.157819E-05,0.2193188,0.0108391,0.6936048
362,0.02043562,1.237957E-05,0.01183151,0.04388719,7.157888E-05,0.2193321,0.01083995,0.6935897
363,0.02043463,1.237964E-05,0.0118315,0.04388982,7.157989E-05,0.2193455,0.01084065,0.6935739
364,0.0204338,1.237977E-05,0.01183156,0.04389287,7.158123E-05,0.219359,0.01084117,0.6935577
365,0.02043314,1.237993E-05,0.01183165,0.04389618,7.158278E-05,0.2193716,0.01084148,0.6935419
366,0.02043269,1.238013E-05,0.01183179,0.04389974,7.158458E-05,0.2193836,0.0108416,0.6935266
367,0.02043244,1.238035E-05,0.01183198,0.04390342,7.158652E-05,0.2193941,0.01084149,0.6935126
368,0.02043243,1.238059E-05,0.0118322,0.04390713,7.158856E-05,0.2194031,0.01084116,0.6935
369,0.02043265,1.238085E-05,0.01183246,0.0439108,7.159068E-05,0.2194104,0.01084063,0.6934891
370,0.0204331,1.238111E-05,0.01183275,0.04391431,7.159276E-05,0.2194156,0.01083989,0.6934804
371,0.02043375,1.238137E-05,0.01183305,0.04391753,7.159472E-05,0.2194184,0.01083897,0.6934743
372,0.02043461,1.238161E-05,0.01183337,0.0439204,7.159657E-05,0.2194188,0.01083789,0.693471
373,0.02043567,1.238185E-05,0.01183369,0.04392285,7.159821E-05,0.2194168,0.01083667,0.6934703
374,0.02043688,1.238205E-05,0.011834,0.04392477,7.159958E-05,0.2194124,0.01083535,0.6934727
375,0.02043824,1.238222E-05,0.0118343,0.04392614,7.160068E-05,0.2194056,0.01083396,0.6934778
376,0.02043967,1.238236E-05,0.01183456,0.04392686,7.160138E-05,0.2193964,0.01083253,0.693486
377,0.02044117,1.238245E-05,0.0118348,0.04392695,7.160175E-05,0.2193853,0.01083111,0.6934966
378,0.02044268,1.23825E-05,0.01183498,0.04392635,7.160169E-05,0.2193723,0.01082972,0.69351
379,0.02044418,1.238251E-05,0.01183512,0.0439251,7.160127E-05,0.2193579,0.01082842,0.6935253
380,0.02044562,1.238247E-05,0.0118352,0.0439232,7.160045E-05,0.2193424,0.01082724,0.6935424
381,0.02044695,1.238239E-05,0.01183522,0.0439207,7.159926E-05,0.2193263,0.0108262,0.6935606
382,0.02044814,1.238226E-05,0.01183517,0.04391763,7.159771E-05,0.2193097,0.01082535,0.6935801
383,0.02044916,1.23821E-05,0.01183506,0.04391408,7.159584E-05,0.2192932,0.0108247,0.6935998
384,0.02044997,1.23819E-05,0.01183488,0.04391014,7.159371E-05,0.2192775,0.01082428,0.6936193
385,0.02045056,1.238168E-05,0.01183463,0.04390589,7.159138E-05,0.2192628,0.0108241,0.693638
386,0.02045089,1.238143E-05,0.01183433,0.04390145,7.15889E-05,0.2192494,0.01082418,0.6936558
387,0.02045096,1.238118E-05,0.01183398,0.04389692,7.158636E-05,0.219238,0.01082451,0.6936718
388,0.02045075,1.238091E-05,0.01183356,0.04389241,7.158377E-05,0.2192285,0.01082507,0.6936858
389,0.02045029,1.238066E-05,0.01183313,0.0438881,7.158135E-05,0.2192218,0.01082589,0.6936969
390,0.02044955,1.238041E-05,0.01183265,0.04388401,7.157899E-05,0.2192175,0.01082692,0.6937054
391,0.02044858,1.23802E-05,0.01183216,0.04388033,7.157691E-05,0.2192163,0.01082815,0.6937105
392,0.02044738,1.238001E-05,0.01183167,0.04387712,7.157509E-05,0.2192179,0.01082955,0.6937125
393,0.02044599,1.237986E-05,0.01183118,0.04387449,7.157365E-05,0.2192226,0.01083107,0.6937107
394,0.02044442,1.237974E-05,0.01183071,0.04387252,7.157255E-05,0.21923,0.01083269,0.6937057
395,0.02044274,1.237968E-05,0.01183028,0.04387126,7.157195E-05,0.2192403,0.01083435,0.6936971
396,0.02044099,1.237968E-05,0.01182989,0.04387078,7.157183E-05,0.2192531,0.01083603,0.6936852
397,0.02043919,1.237972E-05,0.01182955,0.04387107,7.157217E-05,0.2192681,0.01083766,0.6936705
398,0.02043741,1.237981E-05,0.01182928,0.04387214,7.157303E-05,0.219285,0.01083921,0.6936529
399,0.02043568,1.237996E-05,0.01182908,0.04387399,7.157436E-05,0.2193033,0.01084063,0.6936333
400,0.02043409,1.238017E-05,0.01182896,0.04387659,7.157624E-05,0.2193229,0.0108419,0.6936116
401,0.02043263,1.238042E-05,0.01182893,0.04387986,7.15785E-05,0.2193428,0.01084295,0.6935888
402,0.02043137,1.238071E-05,0.01182898,0.04388374,7.158118E-05,0.2193629,0.01084378,0.6935653
403,0.02043033,1.238104E-05,0.01182912,0.04388811,7.158415E-05,0.2193822,0.01084434,0.6935419
404,0.02042956,1.238139E-05,0.01182935,0.0438929,7.15874E-05,0.2194007,0.01084462,0.6935189
405,0.02042908,1.238176E-05,0.01182966,0.04389798,7.159086E-05,0.2194176,0.01084462,0.6934971
406,0.0204289,1.238214E-05,0.01183005,0.04390321,7.159438E-05,0.2194326,0.01084432,0.6934769
407,0.02042903,1.238251E-05,0.0118305,0.04390844,7.15979E-05,0.219445,0.01084372,0.6934594
408,0.02042949,1.238288E-05,0.01183102,0.04391359,7.160137E-05,0.2194547,0.01084285,0.6934444
409,0.02043025,1.238321E-05,0.01183159,0.04391846,7.160462E-05,0.2194613,0.0108417,0.6934327
410,0.0204313,1.238351E-05,0.01183219,0.04392292,7.160759E-05,0.2194645,0.01084033,0.6934248
411,0.02043263,1.238377E-05,0.01183281,0.04392691,7.161024E-05,0.2194643,0.01083875,0.6934206
412,0.02043418,1.238397E-05,0.01183343,0.04393025,7.161242E-05,0.2194605,0.01083701,0.6934206
413,0.02043596,1.238411E-05,0.01183405,0.0439329,7.161414E-05,0.2194534,0.01083515,0.6934245
414,0.02043787,1.238418E-05,0.01183464,0.04393472,7.161524E-05,0.2194429,0.01083322,0.6934326
415,0.0204399,1.238418E-05,0.0118352,0.04393571,7.161577E-05,0.2194294,0.01083127,0.6934446
416,0.02044198,1.23841E-05,0.0118357,0.0439358,7.161566E-05,0.2194129,0.01082935,0.6934602
417,0.02044408,1.238395E-05,0.01183613,0.04393499,7.161491E-05,0.2193942,0.01082751,0.6934791
418,0.02044611,1.238372E-05,0.01183648,0.04393326,7.161348E-05,0.2193734,0.0108258,0.6935009
419,0.02044805,1.238342E-05,0.01183676,0.04393071,7.161151E-05,0.2193514,0.01082428,0.6935247
420,0.0204498,1.238305E-05,0.01183692,0.0439273,7.160885E-05,0.2193283,0.01082298,0.6935506
421,0.02045136,1.238262E-05,0.011837,0.0439232,7.160572E-05,0.2193052,0.01082194,0.6935773
422,0.02045265,1.238213E-05,0.01183696,0.04391846,7.16021E-05,0.2192822,0.0108212,0.6936045
