EwEVersion,"6.6.7.17812 (compiled 28/02/2022)"
Date,"26/02/2023 11:47:51 AM"
ModelName,CS_model_V1_110722
EcosimScenario,"New Ecosim scenario"
TimeSeries,(none)
StartYear,2020

Data,"Prey of Yellowtail Scad"

year\group,"Whiting Species","Blue Sprat","Sandy Sprat",Pilchard,"Australian Herring","Schooling species","Other crabs",Zooplankton,
2020,0.03287242,0.1753127,0.1753212,0.1458823,0.01252024,0.0004404511,0.02003854,0.4376121
2021,0.03287144,0.1752979,0.1753175,0.145876,0.01251956,0.0004404101,0.02003997,0.4376372
2022,0.03287232,0.1752633,0.1752892,0.1458442,0.01251778,0.0004403159,0.02004322,0.4377296
2023,0.03287568,0.1752435,0.1752732,0.1458219,0.01251574,0.0004402789,0.0200453,0.4377844
2024,0.03287517,0.1752665,0.1752968,0.145844,0.01251658,0.0004403494,0.02004564,0.4377149
2025,0.03287389,0.1752981,0.1753254,0.1458824,0.01251951,0.0004404204,0.02004738,0.4376129
2026,0.03287496,0.1752881,0.1753112,0.1458812,0.0125202,0.000440377,0.02004831,0.4376356
2027,0.03287234,0.1752546,0.1752752,0.145847,0.01251774,0.000440276,0.02004657,0.4377463
2028,0.0328674,0.1752512,0.1752708,0.1458341,0.01251591,0.0004402488,0.02004669,0.4377737
2029,0.03286878,0.1752822,0.1753004,0.145861,0.01251729,0.0004403135,0.02004869,0.4376813
2030,0.03287296,0.1753064,0.1753216,0.1458917,0.01251991,0.0004403698,0.02004904,0.437598
2031,0.03287378,0.1752948,0.1753065,0.1458858,0.01252007,0.0004403311,0.0200504,0.4376283
2032,0.03287425,0.1752625,0.175273,0.1458495,0.01251724,0.0004402412,0.02005193,0.4377314
2033,0.03287211,0.1752582,0.1752694,0.1458366,0.01251538,0.0004402294,0.02004889,0.4377593
2034,0.032867,0.1752947,0.1753055,0.1458701,0.01251739,0.0004403102,0.02004759,0.4376574
2035,0.03287023,0.1753156,0.1753239,0.1458971,0.01252008,0.0004403474,0.02005173,0.437581
2036,0.03287698,0.1752887,0.1752952,0.1458767,0.01251932,0.0004402856,0.02005166,0.4376512
2037,0.03287246,0.1752624,0.1752692,0.1458463,0.01251663,0.0004402254,0.02004862,0.4377441
2038,0.03286785,0.1752734,0.1752809,0.1458481,0.01251588,0.0004402413,0.020051,0.4377227
2039,0.03287261,0.1752982,0.1753057,0.1458734,0.01251763,0.0004403028,0.02005122,0.437641
2040,0.03287223,0.1753099,0.1753159,0.1458928,0.01251967,0.0004403346,0.02004795,0.4376012
2041,0.03287005,0.1752935,0.1752976,0.1458786,0.01251914,0.0004402795,0.02005186,0.4376489
2042,0.03287566,0.175262,0.1752668,0.1458424,0.0125162,0.0004402041,0.02005356,0.4377432
2043,0.03287205,0.17527,0.1752768,0.1458451,0.01251548,0.0004402396,0.02004659,0.4377338
2044,0.03286417,0.1753129,0.1753188,0.1458873,0.01251844,0.0004403286,0.02004899,0.4376091
2045,0.03287457,0.1753119,0.1753157,0.1458933,0.01251988,0.0004403153,0.02005562,0.4375888
2046,0.03287925,0.1752737,0.1752776,0.1458599,0.01251778,0.0004402435,0.02004873,0.4377027
2047,0.03286535,0.1752707,0.1752753,0.1458488,0.01251613,0.0004402279,0.02004708,0.4377365
2048,0.03286878,0.1752884,0.1752933,0.1458594,0.01251647,0.0004402529,0.02005557,0.4376779
2049,0.03287882,0.1752971,0.1753024,0.1458746,0.01251784,0.0004402989,0.02004927,0.4376397
2050,0.03286675,0.1753097,0.1753135,0.1458928,0.01251957,0.0004403272,0.0200448,0.4376126
2051,0.03286871,0.1752916,0.1752936,0.1458719,0.01251845,0.0004402507,0.02005759,0.4376579
2052,0.03288335,0.175253,0.1752573,0.1458311,0.01251509,0.0004401857,0.02005263,0.4377674
2053,0.0328658,0.1752842,0.1752902,0.1458587,0.01251607,0.0004402786,0.02004005,0.4377046
2054,0.03285947,0.1753308,0.1753341,0.1459038,0.01251978,0.0004403435,0.02005553,0.4375561
2055,0.03288711,0.1752908,0.1752932,0.1458739,0.01251882,0.0004402627,0.02005857,0.4376374
2056,0.0328756,0.1752617,0.1752659,0.1458475,0.01251641,0.0004402334,0.02003874,0.4377539
2057,0.03285272,0.1752955,0.1752987,0.145867,0.01251694,0.0004402613,0.02005155,0.4376774
2058,0.03288226,0.1752882,0.1752919,0.1458592,0.01251676,0.0004402414,0.02006345,0.4376579
2059,0.03288266,0.1752845,0.17529,0.1458678,0.01251742,0.0004402995,0.02003748,0.4376799
2060,0.03284867,0.1753265,0.1753287,0.1459064,0.01252027,0.0004403456,0.02004575,0.4375835
2061,0.03288003,0.1752819,0.1752826,0.1458579,0.01251762,0.0004402004,0.02007136,0.4376684
2062,0.03289485,0.1752313,0.1752375,0.1458129,0.01251352,0.0004401767,0.02003977,0.43783
2063,0.03284123,0.1753217,0.1753268,0.1458941,0.01251808,0.0004403604,0.02003393,0.4376239
2064,0.03286617,0.1753411,0.1753412,0.1459113,0.01252095,0.0004403176,0.02007651,0.4375025
2065,0.03291252,0.1752391,0.1752432,0.1458295,0.01251596,0.0004401854,0.02004929,0.4377702
2066,0.03284701,0.1752797,0.1752849,0.1458627,0.01251645,0.0004402947,0.02002167,0.4377473
2067,0.0328449,0.1753351,0.1753353,0.1458964,0.0125191,0.0004402836,0.02007693,0.4375519
2068,0.0329221,0.1752428,0.1752474,0.1458224,0.01251492,0.00044017,0.0200631,0.4377471
2069,0.03285937,0.1752872,0.1752945,0.1458769,0.01251738,0.0004403612,0.02000809,0.4377162
2070,0.03282148,0.175377,0.175375,0.1459441,0.01252287,0.0004403742,0.02007182,0.4374473
2071,0.03293109,0.1752229,0.1752241,0.1458019,0.01251451,0.0004400697,0.02008597,0.4377794
2072,0.0328841,0.1752143,0.1752249,0.1458057,0.01251197,0.0004402404,0.01999685,0.437922
2073,0.03278795,0.1754169,0.1754175,0.145976,0.0125234,0.0004404915,0.02005313,0.4373846
2074,0.03292425,0.1752918,0.1752894,0.1458641,0.01251936,0.0004401571,0.02011424,0.4375567
2075,0.03292983,0.1751596,0.17517,0.1457679,0.01251094,0.0004401499,0.01999711,0.4380244
2076,0.0327629,0.1753907,0.1753932,0.1459569,0.01252141,0.0004404878,0.02002192,0.4375125
2077,0.03289307,0.1753348,0.1753296,0.1458869,0.01252017,0.0004401635,0.02014203,0.4374534
2078,0.03298321,0.1751191,0.1751313,0.1457275,0.01250851,0.0004400691,0.02001196,0.4380784
2079,0.03275185,0.1753955,0.1754019,0.1459772,0.0125222,0.000440611,0.01997689,0.4375339
2080,0.03283897,0.1754258,0.1754142,0.1459702,0.0125263,0.0004402753,0.02016473,0.4372195
2081,0.03304652,0.1750363,0.1750459,0.145646,0.01250453,0.0004398284,0.02005214,0.4382288
2082,0.03276649,0.1753061,0.1753209,0.1459007,0.01251526,0.0004405671,0.01992014,0.4378298
2083,0.03274742,0.1755725,0.1755583,0.1460965,0.0125331,0.0004405483,0.02016626,0.4368854
2084,0.03310176,0.17505,0.1750526,0.1456562,0.01250771,0.0004397359,0.02012373,0.4380683
2085,0.0328333,0.1751561,0.1751776,0.1457879,0.01250814,0.0004404206,0.01986622,0.4382303
2086,0.032631,0.1756657,0.1756508,0.1461785,0.01253617,0.0004407623,0.02013411,0.4367629
2087,0.0331195,0.1750998,0.1750934,0.1456766,0.01251011,0.00043963,0.02022506,0.4378359
2088,0.03295645,0.1749815,0.1750123,0.1456474,0.01249912,0.0004402328,0.01983037,0.4386326
2089,0.03250602,0.1757768,0.1757647,0.1462995,0.01254161,0.0004411448,0.02005475,0.4366156
2090,0.03307854,0.1752412,0.1752176,0.1457865,0.01251954,0.0004396332,0.02035188,0.4373651
2091,0.033148,0.1747014,0.1747382,0.145402,0.01248457,0.0004397448,0.0198415,0.4392447
2092,0.03239856,0.175775,0.1757756,0.1463189,0.01253762,0.0004414515,0.01991643,0.4368364
2093,0.03293512,0.1755598,0.1755168,0.1460519,0.01253718,0.0004399904,0.02047946,0.4364798
2094,0.03339892,0.1744583,0.1744919,0.1451937,0.01247561,0.0004392087,0.01993686,0.4396055
2095,0.03237103,0.1755839,0.1756036,0.1461986,0.01252514,0.0004415463,0.0197275,0.4375486
2096,0.03266506,0.1759586,0.1758956,0.1463869,0.01255639,0.0004405561,0.02056903,0.4355279
2097,0.03366003,0.174277,0.1742972,0.1450109,0.01246867,0.0004385777,0.02015171,0.4396959
2098,0.03248629,0.1752089,0.175257,0.1459372,0.01250352,0.0004414647,0.01951363,0.4386519
2099,0.03226571,0.1764737,0.176393,0.1468588,0.01258199,0.0004415739,0.02056651,0.4344188
2100,0.03385831,0.1742457,0.174231,0.1449504,0.01247192,0.0004379429,0.02052038,0.4392843
2101,0.03282714,0.1745183,0.1745998,0.1454027,0.0124656,0.0004408347,0.01933875,0.4404069
2102,0.03176585,0.1769278,0.1768454,0.1473011,0.01259869,0.0004428767,0.02040337,0.433715
2103,0.0338552,0.1746032,0.1745301,0.1452291,0.01249643,0.0004378192,0.02104261,0.4378054
2104,0.03346908,0.1736286,0.1737339,0.1447123,0.012424,0.000439756,0.01932264,0.4422698
2105,0.0312882,0.1769872,0.1769267,0.1474619,0.01259118,0.0004440012,0.02003127,0.4342695
2106,0.03347496,0.1754325,0.1752793,0.1459203,0.01254209,0.0004384878,0.02164541,0.4352669
2107,0.03440044,0.1727051,0.1728097,0.1439647,0.01238529,0.0004382652,0.01964729,0.4436492
2108,0.0310651,0.1763571,0.176357,0.1471275,0.0125464,0.0004446099,0.01945915,0.4366431
2109,0.03251783,0.1766954,0.1764411,0.1470103,0.01260158,0.0004401777,0.0220544,0.4322391
2110,0.03541327,0.1724467,0.1724782,0.1437839,0.01239411,0.0004373328,0.02070394,0.4423427
2111,0.03182876,0.1747275,0.1748464,0.1461433,0.01247057,0.0004445504,0.01914163,0.4403972
2112,0.03123546,0.1773888,0.1771661,0.1477846,0.01262239,0.0004425995,0.02175765,0.4316024
2113,0.03524537,0.1729447,0.1728925,0.1440553,0.01242688,0.0004361005,0.02171668,0.4402826
2114,0.03304729,0.1734106,0.173614,0.1452377,0.0124315,0.0004431992,0.01916942,0.4426463
2115,0.03053745,0.1775628,0.177431,0.1482875,0.01263863,0.0004451935,0.02106496,0.4320323
2116,0.03443659,0.1739513,0.1737989,0.1448313,0.0124822,0.0004361921,0.02241432,0.4376493
2117,0.03431106,0.172406,0.1726099,0.1443057,0.01239223,0.0004408578,0.01958802,0.4439462
2118,0.03048331,0.1769881,0.1769685,0.1480255,0.01260208,0.0004464934,0.02025521,0.4342308
2119,0.03319779,0.1754189,0.1751897,0.1460718,0.01255358,0.0004379683,0.02262642,0.4345038
