EwEVersion,"6.6.7.17812 (compiled 28/02/2022)"
Date,"26/02/2023 11:47:51 AM"
ModelName,CS_model_V1_110722
EcosimScenario,"New Ecosim scenario"
TimeSeries,(none)
StartYear,2020

Data,"Prey of Ascidians"

timestep\group,Zooplankton,"Planktotrophic Larvae",Phytoplankton,Detritus,
1,0.1998705,0.0009984497,0.3997307,0.3994004
2,0.1998655,0.0009983715,0.399723,0.3994132
3,0.1998626,0.0009983743,0.3997205,0.3994186
4,0.1998592,0.0009983879,0.3997185,0.3994239
5,0.199856,0.0009984078,0.399717,0.3994286
6,0.1998533,0.0009984331,0.3997157,0.3994326
7,0.1998512,0.0009984619,0.3997147,0.3994356
8,0.1998496,0.0009984929,0.3997138,0.3994381
9,0.1998487,0.0009985251,0.399713,0.3994398
10,0.1998482,0.0009985574,0.3997122,0.399441
11,0.1998484,0.0009985891,0.3997114,0.3994416
12,0.1998489,0.0009986188,0.3997107,0.3994418
13,0.1998498,0.0009986461,0.3997101,0.3994415
14,0.1998511,0.0009986705,0.3997095,0.3994408
15,0.1998527,0.0009986913,0.3997089,0.3994397
16,0.1998545,0.0009987082,0.3997085,0.3994383
17,0.1998565,0.0009987208,0.3997082,0.3994366
18,0.1998587,0.0009987288,0.399708,0.3994345
19,0.1998612,0.0009987324,0.3997078,0.3994323
20,0.1998637,0.0009987312,0.3997078,0.3994298
21,0.1998665,0.0009987261,0.3997078,0.399427
22,0.1998694,0.0009987165,0.3997077,0.3994242
23,0.1998724,0.0009987025,0.3997076,0.3994213
24,0.1998755,0.0009986849,0.3997075,0.3994183
25,0.1998787,0.0009986637,0.3997075,0.3994151
26,0.1998821,0.0009986395,0.3997073,0.3994119
27,0.1998854,0.0009986117,0.399707,0.3994089
28,0.1998888,0.0009985823,0.3997067,0.399406
29,0.1998921,0.0009985503,0.3997062,0.3994031
30,0.1998955,0.000998517,0.3997057,0.3994004
31,0.1998988,0.0009984826,0.399705,0.3993977
32,0.1999019,0.0009984472,0.3997042,0.3993956
33,0.199905,0.0009984119,0.3997032,0.3993934
34,0.1999078,0.0009983769,0.3997022,0.3993916
35,0.1999105,0.0009983428,0.3997011,0.39939
36,0.1999129,0.0009983098,0.3996999,0.3993888
37,0.1999151,0.0009982779,0.3996987,0.3993879
38,0.1999171,0.0009982482,0.3996974,0.3993873
39,0.1999187,0.0009982203,0.399696,0.3993871
40,0.19992,0.0009981961,0.3996947,0.3993872
41,0.1999209,0.0009981742,0.3996935,0.3993874
42,0.1999214,0.0009981558,0.3996923,0.399388
43,0.1999215,0.0009981404,0.3996911,0.3993891
44,0.1999213,0.0009981293,0.3996903,0.3993903
45,0.1999206,0.0009981219,0.3996896,0.3993917
46,0.1999195,0.0009981184,0.3996889,0.3993935
47,0.199918,0.0009981192,0.3996885,0.3993954
48,0.1999162,0.0009981238,0.3996882,0.3993975
49,0.1999139,0.0009981326,0.3996882,0.3993997
50,0.1999114,0.0009981458,0.3996885,0.399402
51,0.1999085,0.0009981621,0.3996888,0.3994044
52,0.1999054,0.0009981827,0.3996895,0.399407
53,0.1999021,0.0009982066,0.3996903,0.3994095
54,0.1998985,0.0009982336,0.3996913,0.3994119
55,0.1998948,0.0009982639,0.3996925,0.3994145
56,0.1998909,0.0009982962,0.3996938,0.399417
57,0.1998871,0.0009983311,0.3996951,0.3994194
58,0.1998832,0.0009983674,0.3996966,0.3994218
59,0.1998794,0.0009984049,0.3996982,0.399424
60,0.1998757,0.0009984433,0.3996997,0.3994263
61,0.199872,0.0009984822,0.3997013,0.3994282
62,0.1998685,0.0009985205,0.3997027,0.3994302
63,0.1998654,0.0009985584,0.3997042,0.3994319
64,0.1998625,0.0009985951,0.3997056,0.3994335
65,0.1998598,0.0009986296,0.3997067,0.3994349
66,0.1998575,0.0009986621,0.3997077,0.3994361
67,0.1998555,0.000998692,0.3997086,0.3994372
68,0.199854,0.0009987189,0.3997093,0.399438
69,0.1998529,0.0009987422,0.3997097,0.3994386
70,0.1998522,0.0009987613,0.3997099,0.3994392
71,0.1998519,0.0009987766,0.39971,0.3994394
72,0.199852,0.0009987882,0.3997099,0.3994394
73,0.1998525,0.0009987947,0.3997094,0.3994392
74,0.1998535,0.0009987969,0.3997089,0.3994388
75,0.1998549,0.0009987941,0.3997081,0.3994383
76,0.1998567,0.0009987873,0.3997073,0.3994372
77,0.1998588,0.0009987756,0.3997062,0.3994362
78,0.1998612,0.0009987596,0.3997051,0.3994349
79,0.1998639,0.0009987401,0.3997039,0.3994335
80,0.199867,0.0009987163,0.3997027,0.3994316
81,0.1998702,0.0009986892,0.3997014,0.3994296
82,0.1998737,0.0009986594,0.3997004,0.3994274
83,0.1998773,0.0009986268,0.3996992,0.3994249
84,0.1998809,0.0009985917,0.3996981,0.3994224
85,0.1998846,0.0009985551,0.3996972,0.3994196
86,0.1998884,0.000998518,0.3996965,0.3994166
87,0.1998921,0.0009984797,0.3996959,0.3994135
88,0.1998958,0.0009984416,0.3996954,0.3994104
89,0.1998993,0.0009984039,0.3996952,0.3994071
90,0.1999026,0.0009983672,0.3996952,0.3994038
91,0.1999059,0.000998332,0.3996953,0.3994005
92,0.1999088,0.0009982989,0.3996958,0.3993972
93,0.1999114,0.0009982679,0.3996962,0.3993942
94,0.1999139,0.0009982401,0.3996969,0.3993909
95,0.199916,0.0009982153,0.3996977,0.3993882
96,0.1999177,0.0009981942,0.3996987,0.3993854
97,0.1999192,0.0009981763,0.3996997,0.3993829
98,0.1999203,0.0009981627,0.3997008,0.3993807
99,0.199921,0.0009981532,0.399702,0.3993789
100,0.1999213,0.0009981474,0.3997031,0.3993775
101,0.1999213,0.0009981457,0.3997043,0.3993764
102,0.1999208,0.0009981483,0.3997053,0.3993758
103,0.19992,0.0009981547,0.3997063,0.3993756
104,0.1999188,0.0009981645,0.3997071,0.399376
105,0.1999173,0.0009981783,0.3997079,0.3993766
106,0.1999154,0.0009981953,0.3997084,0.399378
107,0.1999132,0.0009982154,0.3997088,0.3993797
108,0.1999108,0.0009982382,0.3997091,0.3993819
109,0.1999081,0.0009982635,0.3997091,0.3993845
110,0.1999051,0.0009982907,0.399709,0.3993876
111,0.1999018,0.0009983194,0.3997087,0.3993912
112,0.1998985,0.0009983497,0.3997083,0.3993948
113,0.199895,0.0009983809,0.3997076,0.399399
114,0.1998914,0.0009984126,0.3997069,0.3994033
115,0.1998877,0.0009984445,0.399706,0.3994079
116,0.1998839,0.0009984763,0.3997051,0.3994125
117,0.1998802,0.0009985076,0.3997043,0.399417
118,0.1998764,0.0009985382,0.3997033,0.3994217
119,0.1998728,0.0009985677,0.3997024,0.3994263
120,0.1998692,0.0009985961,0.3997016,0.3994306
121,0.1998658,0.0009986225,0.3997008,0.3994348
122,0.1998625,0.0009986473,0.3997001,0.3994387
123,0.1998596,0.0009986704,0.3996996,0.3994422
124,0.1998569,0.0009986911,0.3996992,0.3994452
125,0.1998544,0.0009987098,0.399699,0.3994478
126,0.1998522,0.0009987262,0.399699,0.3994501
127,0.1998503,0.00099874,0.3996992,0.3994518
128,0.1998488,0.0009987513,0.3996995,0.399453
129,0.1998476,0.0009987602,0.3997,0.3994535
130,0.1998469,0.0009987667,0.3997008,0.3994535
131,0.1998465,0.0009987702,0.3997017,0.399453
132,0.1998467,0.0009987716,0.3997027,0.3994519
133,0.1998471,0.0009987702,0.3997038,0.3994503
134,0.199848,0.0009987663,0.3997051,0.3994482
135,0.1998493,0.00099876,0.3997063,0.3994457
136,0.199851,0.0009987517,0.3997076,0.3994427
137,0.199853,0.0009987406,0.3997087,0.3994395
138,0.1998555,0.0009987273,0.3997098,0.399436
139,0.1998581,0.0009987111,0.3997108,0.3994323
140,0.1998612,0.0009986934,0.3997117,0.3994285
141,0.1998644,0.0009986738,0.3997124,0.3994246
142,0.1998679,0.0009986523,0.3997127,0.3994207
143,0.1998717,0.0009986287,0.399713,0.3994167
144,0.1998755,0.0009986036,0.399713,0.3994128
145,0.1998795,0.0009985769,0.3997125,0.3994094
146,0.1998834,0.000998549,0.3997119,0.3994061
147,0.1998874,0.0009985204,0.3997112,0.3994029
148,0.1998914,0.000998491,0.39971,0.3994001
149,0.1998952,0.0009984607,0.3997087,0.3993977
150,0.1998988,0.0009984308,0.3997072,0.3993956
151,0.1999023,0.0009984005,0.3997054,0.3993939
152,0.1999055,0.0009983708,0.3997035,0.3993926
153,0.1999084,0.0009983417,0.3997016,0.3993917
154,0.1999109,0.000998314,0.3996996,0.3993912
155,0.1999131,0.0009982878,0.3996975,0.3993911
156,0.1999148,0.0009982634,0.3996956,0.3993914
157,0.1999162,0.0009982409,0.3996938,0.3993918
158,0.199917,0.0009982211,0.399692,0.3993927
159,0.1999175,0.0009982046,0.3996905,0.3993938
160,0.1999175,0.0009981911,0.3996893,0.3993951
161,0.199917,0.0009981809,0.3996883,0.3993966
162,0.1999159,0.0009981749,0.3996876,0.3993983
163,0.1999145,0.0009981728,0.3996873,0.3994
164,0.1999127,0.000998175,0.3996874,0.3994018
165,0.1999104,0.0009981815,0.3996878,0.3994037
166,0.1999077,0.000998192,0.3996887,0.3994054
167,0.1999046,0.0009982067,0.3996897,0.3994074
168,0.1999013,0.0009982262,0.3996914,0.3994091
169,0.1998978,0.0009982495,0.3996933,0.3994107
170,0.199894,0.0009982764,0.3996954,0.3994124
171,0.19989,0.0009983071,0.3996978,0.3994139
172,0.1998859,0.0009983414,0.3997004,0.3994153
173,0.1998818,0.000998378,0.3997032,0.3994166
174,0.1998777,0.0009984173,0.399706,0.3994178
175,0.1998737,0.000998458,0.3997088,0.3994191
176,0.1998698,0.0009985002,0.3997115,0.3994202
177,0.199866,0.0009985433,0.3997143,0.3994212
178,0.1998624,0.0009985861,0.3997167,0.3994222
179,0.1998591,0.0009986287,0.3997189,0.3994234
180,0.1998562,0.00099867,0.3997208,0.3994244
181,0.1998535,0.0009987092,0.3997224,0.3994254
182,0.1998512,0.000998746,0.3997236,0.3994264
183,0.1998494,0.0009987795,0.3997244,0.3994276
184,0.1998479,0.0009988101,0.3997248,0.3994285
185,0.1998468,0.0009988359,0.3997246,0.3994298
186,0.1998462,0.0009988573,0.3997239,0.399431
187,0.1998459,0.0009988736,0.3997228,0.3994324
188,0.1998462,0.0009988853,0.3997214,0.3994336
189,0.1998468,0.000998891,0.3997196,0.3994347
190,0.1998478,0.0009988914,0.3997175,0.3994358
191,0.1998493,0.0009988863,0.3997149,0.3994369
192,0.199851,0.0009988758,0.3997122,0.3994379
193,0.1998531,0.0009988596,0.3997092,0.3994389
194,0.1998554,0.0009988386,0.3997062,0.3994395
195,0.199858,0.000998813,0.3997033,0.39944
196,0.1998608,0.000998783,0.3997003,0.3994401
197,0.1998638,0.0009987496,0.3996975,0.39944
198,0.1998669,0.0009987125,0.3996948,0.3994396
199,0.1998701,0.0009986736,0.3996924,0.3994389
200,0.1998732,0.0009986322,0.3996903,0.3994378
201,0.1998765,0.0009985899,0.3996886,0.3994362
202,0.1998797,0.0009985467,0.3996873,0.3994345
203,0.1998829,0.0009985038,0.3996864,0.3994322
204,0.1998859,0.0009984617,0.399686,0.3994296
205,0.1998888,0.0009984208,0.399686,0.3994267
206,0.1998916,0.0009983823,0.3996865,0.3994234
207,0.1998942,0.0009983466,0.3996876,0.3994199
208,0.1998966,0.0009983141,0.399689,0.399416
209,0.1998987,0.0009982851,0.3996908,0.3994122
210,0.1999006,0.0009982606,0.399693,0.3994081
211,0.1999023,0.0009982396,0.3996954,0.3994041
212,0.1999036,0.0009982235,0.399698,0.3994001
213,0.1999048,0.0009982123,0.3997009,0.3993961
214,0.1999056,0.0009982056,0.3997039,0.3993924
215,0.1999062,0.0009982032,0.3997066,0.3993891
216,0.1999065,0.0009982056,0.3997093,0.399386
217,0.1999065,0.0009982121,0.3997119,0.3993833
218,0.1999063,0.000998223,0.3997142,0.3993812
219,0.1999058,0.0009982368,0.3997161,0.3993798
220,0.1999051,0.0009982545,0.3997178,0.3993788
221,0.1999042,0.0009982745,0.399719,0.3993785
222,0.199903,0.0009982974,0.3997199,0.3993788
223,0.1999016,0.0009983216,0.3997201,0.39938
224,0.1999,0.0009983476,0.3997199,0.3993817
225,0.1998982,0.0009983741,0.3997192,0.3993842
226,0.1998962,0.0009984013,0.3997181,0.3993873
227,0.199894,0.0009984284,0.3997165,0.3993911
228,0.1998916,0.000998455,0.3997146,0.3993953
229,0.1998891,0.0009984809,0.3997123,0.3994001
230,0.1998865,0.0009985055,0.3997098,0.3994052
231,0.1998838,0.0009985291,0.399707,0.3994107
232,0.199881,0.0009985513,0.399704,0.3994164
233,0.1998781,0.0009985717,0.3997013,0.399422
234,0.1998752,0.0009985899,0.3996984,0.3994279
235,0.1998723,0.0009986069,0.3996958,0.3994333
236,0.1998694,0.0009986216,0.3996933,0.3994387
237,0.1998666,0.0009986351,0.3996911,0.3994437
238,0.1998638,0.0009986463,0.3996893,0.3994482
239,0.1998612,0.0009986564,0.399688,0.3994522
240,0.1998585,0.0009986648,0.3996871,0.3994557
241,0.1998561,0.0009986722,0.3996868,0.3994583
242,0.1998539,0.0009986783,0.3996869,0.3994605
243,0.199852,0.0009986842,0.3996878,0.3994616
244,0.1998502,0.0009986882,0.399689,0.399462
245,0.1998489,0.0009986926,0.3996908,0.3994616
246,0.1998477,0.0009986958,0.3996932,0.3994604
247,0.1998469,0.0009986988,0.3996958,0.3994586
248,0.1998466,0.0009987014,0.399699,0.3994557
249,0.1998465,0.0009987039,0.3997022,0.3994525
250,0.1998468,0.0009987053,0.3997058,0.3994487
251,0.1998475,0.0009987062,0.3997094,0.3994443
252,0.1998488,0.0009987066,0.3997132,0.3994393
253,0.1998504,0.0009987061,0.3997167,0.3994342
254,0.1998523,0.0009987048,0.3997201,0.3994288
255,0.1998547,0.0009987021,0.3997231,0.3994235
256,0.1998574,0.0009986978,0.3997257,0.3994181
257,0.1998604,0.0009986919,0.3997279,0.399413
258,0.1998638,0.0009986839,0.3997295,0.399408
259,0.1998674,0.000998674,0.3997305,0.3994035
260,0.1998712,0.0009986619,0.3997308,0.3993994
261,0.1998752,0.000998647,0.3997303,0.3993959
262,0.1998793,0.0009986301,0.3997293,0.3993928
263,0.1998834,0.0009986104,0.3997276,0.3993905
264,0.1998875,0.0009985879,0.3997251,0.3993888
265,0.1998916,0.0009985631,0.3997221,0.3993878
266,0.1998956,0.000998536,0.3997184,0.3993874
267,0.1998993,0.0009985069,0.3997144,0.3993877
268,0.1999028,0.0009984758,0.3997099,0.3993887
269,0.199906,0.0009984433,0.3997053,0.3993903
270,0.1999089,0.0009984105,0.3997004,0.3993924
271,0.1999112,0.0009983768,0.3996956,0.3993948
272,0.1999132,0.0009983432,0.3996908,0.3993977
273,0.1999146,0.0009983102,0.3996863,0.3994008
274,0.1999156,0.000998279,0.3996821,0.399404
275,0.199916,0.0009982497,0.3996784,0.3994073
276,0.1999159,0.0009982229,0.3996752,0.3994106
277,0.1999153,0.0009981996,0.3996727,0.3994138
278,0.1999141,0.0009981804,0.399671,0.3994167
279,0.1999124,0.0009981656,0.3996701,0.3994194
280,0.1999101,0.0009981559,0.3996699,0.3994218
281,0.1999075,0.0009981515,0.3996707,0.3994237
282,0.1999044,0.0009981531,0.3996722,0.3994252
283,0.1999009,0.0009981608,0.3996748,0.3994261
284,0.1998971,0.0009981745,0.3996781,0.3994266
285,0.1998931,0.0009981946,0.399682,0.3994266
286,0.1998888,0.0009982205,0.3996867,0.3994262
287,0.1998845,0.0009982523,0.3996919,0.3994254
288,0.1998801,0.0009982896,0.3996975,0.3994241
289,0.1998757,0.0009983317,0.3997034,0.3994226
290,0.1998714,0.0009983784,0.3997093,0.3994209
291,0.1998672,0.000998428,0.3997152,0.3994192
292,0.1998632,0.0009984809,0.3997211,0.3994173
293,0.1998596,0.0009985353,0.3997265,0.3994154
294,0.1998562,0.0009985905,0.3997314,0.3994138
295,0.1998532,0.0009986457,0.3997358,0.3994123
296,0.1998507,0.0009987,0.3997395,0.399411
297,0.1998485,0.0009987515,0.3997423,0.3994104
298,0.1998469,0.0009988,0.3997443,0.39941
299,0.1998457,0.0009988443,0.3997452,0.3994102
300,0.1998451,0.0009988836,0.3997452,0.3994108
301,0.1998449,0.0009989169,0.3997441,0.3994121
302,0.1998452,0.0009989433,0.399742,0.3994138
303,0.199846,0.000998963,0.399739,0.3994161
304,0.1998473,0.0009989748,0.399735,0.3994188
305,0.1998488,0.0009989785,0.3997302,0.399422
306,0.1998508,0.0009989749,0.3997249,0.3994253
307,0.199853,0.0009989627,0.399719,0.3994291
308,0.1998556,0.0009989429,0.3997127,0.3994329
309,0.1998582,0.0009989154,0.399706,0.3994368
310,0.1998612,0.0009988814,0.3996994,0.3994406
311,0.1998641,0.0009988411,0.3996927,0.3994443
312,0.1998672,0.0009987953,0.3996864,0.3994476
313,0.1998703,0.0009987451,0.3996806,0.3994503
314,0.1998732,0.0009986915,0.3996754,0.3994527
315,0.1998761,0.0009986354,0.3996709,0.3994543
316,0.1998789,0.0009985782,0.3996672,0.3994552
317,0.1998815,0.0009985209,0.3996646,0.3994554
318,0.199884,0.0009984648,0.399663,0.3994545
319,0.1998863,0.0009984105,0.3996625,0.3994528
320,0.1998883,0.0009983593,0.3996631,0.3994503
321,0.1998901,0.0009983126,0.3996647,0.3994469
322,0.1998917,0.0009982708,0.3996676,0.3994424
323,0.199893,0.0009982346,0.3996714,0.3994373
324,0.1998941,0.0009982054,0.3996761,0.3994316
325,0.1998949,0.0009981825,0.3996817,0.3994252
326,0.1998957,0.0009981667,0.3996879,0.3994183
327,0.1998962,0.0009981586,0.3996946,0.399411
328,0.1998966,0.0009981577,0.3997016,0.3994036
329,0.1998968,0.0009981636,0.3997088,0.3993962
330,0.1998969,0.0009981762,0.3997159,0.399389
331,0.1998969,0.0009981949,0.3997227,0.3993822
332,0.1998968,0.0009982192,0.3997292,0.3993758
333,0.1998967,0.0009982485,0.399735,0.3993701
334,0.1998965,0.0009982811,0.3997399,0.3993654
335,0.1998962,0.0009983169,0.399744,0.3993615
336,0.1998958,0.0009983545,0.3997469,0.3993589
337,0.1998955,0.0009983937,0.3997488,0.3993574
338,0.1998951,0.0009984324,0.3997493,0.3993572
339,0.1998947,0.0009984706,0.3997487,0.3993582
340,0.1998941,0.0009985064,0.3997467,0.3993606
341,0.1998935,0.0009985396,0.3997436,0.3993643
342,0.1998927,0.0009985697,0.3997394,0.3993692
343,0.1998919,0.000998596,0.3997341,0.3993754
344,0.199891,0.0009986174,0.3997279,0.3993824
345,0.1998899,0.0009986344,0.3997211,0.3993904
346,0.1998885,0.0009986464,0.3997136,0.3993992
347,0.1998871,0.0009986534,0.3997057,0.3994085
348,0.1998855,0.0009986555,0.3996978,0.3994181
349,0.1998836,0.0009986534,0.3996899,0.3994279
350,0.1998815,0.0009986472,0.3996822,0.3994376
351,0.1998793,0.0009986374,0.3996752,0.399447
352,0.1998769,0.0009986248,0.3996688,0.3994557
353,0.1998743,0.00099861,0.3996633,0.3994637
354,0.1998716,0.0009985938,0.3996588,0.3994711
355,0.1998687,0.0009985773,0.3996556,0.3994771
356,0.1998658,0.0009985612,0.3996538,0.3994818
357,0.1998628,0.0009985463,0.3996533,0.3994853
358,0.1998599,0.0009985334,0.3996543,0.3994872
359,0.1998571,0.0009985227,0.3996567,0.3994877
360,0.1998543,0.0009985155,0.3996605,0.3994866
361,0.1998518,0.0009985117,0.3996657,0.399484
362,0.1998495,0.0009985125,0.3996721,0.39948
363,0.1998474,0.0009985168,0.3996795,0.3994747
364,0.1998457,0.0009985256,0.3996878,0.3994679
365,0.1998444,0.0009985385,0.3996966,0.3994605
366,0.1998436,0.0009985554,0.399706,0.3994518
367,0.1998432,0.0009985756,0.3997156,0.3994427
368,0.1998433,0.0009985989,0.399725,0.399433
369,0.1998441,0.0009986241,0.3997342,0.399423
370,0.1998454,0.0009986508,0.3997428,0.3994131
371,0.1998473,0.0009986778,0.3997505,0.3994036
372,0.1998497,0.0009987043,0.3997571,0.3993945
373,0.1998527,0.0009987294,0.3997625,0.3993861
374,0.1998561,0.0009987516,0.3997664,0.3993786
375,0.1998602,0.0009987705,0.3997689,0.3993722
376,0.1998645,0.0009987844,0.3997695,0.3993672
377,0.1998693,0.0009987934,0.3997685,0.3993635
378,0.1998743,0.0009987956,0.3997656,0.3993613
379,0.1998795,0.0009987917,0.3997611,0.3993606
380,0.1998848,0.0009987805,0.3997551,0.3993613
381,0.1998901,0.0009987622,0.3997476,0.3993635
382,0.1998953,0.0009987358,0.3997388,0.3993672
383,0.1999003,0.0009987024,0.3997288,0.3993722
384,0.1999051,0.0009986619,0.3997179,0.3993782
385,0.1999095,0.0009986158,0.3997067,0.3993852
386,0.1999133,0.0009985631,0.399695,0.3993931
387,0.1999166,0.0009985066,0.3996834,0.3994015
388,0.1999193,0.0009984464,0.3996721,0.3994103
389,0.1999213,0.0009983848,0.3996616,0.3994188
390,0.1999225,0.0009983213,0.3996518,0.3994275
391,0.199923,0.0009982599,0.3996433,0.3994354
392,0.1999228,0.0009982003,0.3996363,0.3994428
393,0.1999218,0.0009981446,0.3996308,0.3994493
394,0.1999199,0.0009980943,0.3996272,0.3994548
395,0.1999173,0.0009980508,0.3996257,0.3994589
396,0.199914,0.0009980157,0.3996262,0.3994618
397,0.1999101,0.0009979894,0.3996286,0.3994633
398,0.1999056,0.0009979738,0.3996332,0.3994631
399,0.1999007,0.0009979692,0.3996395,0.3994618
400,0.1998954,0.0009979762,0.399648,0.3994586
401,0.1998898,0.0009979949,0.3996578,0.3994544
402,0.199884,0.0009980256,0.3996692,0.3994488
403,0.1998782,0.0009980676,0.3996815,0.3994423
404,0.1998724,0.0009981204,0.3996947,0.3994347
405,0.1998669,0.0009981836,0.3997084,0.3994265
406,0.1998616,0.000998255,0.3997222,0.3994179
407,0.1998566,0.000998334,0.3997358,0.3994093
408,0.1998521,0.0009984192,0.3997488,0.3994006
409,0.1998482,0.0009985085,0.3997608,0.3993925
410,0.1998449,0.0009986003,0.3997716,0.3993849
411,0.1998423,0.0009986918,0.3997807,0.3993783
412,0.1998404,0.0009987814,0.3997879,0.3993729
413,0.1998393,0.0009988672,0.3997932,0.3993686
414,0.1998389,0.0009989471,0.3997961,0.3993661
415,0.1998393,0.0009990196,0.3997967,0.399365
416,0.1998403,0.0009990822,0.3997948,0.3993657
417,0.1998421,0.0009991339,0.3997907,0.3993681
418,0.1998444,0.0009991731,0.3997843,0.3993722
419,0.1998473,0.0009991993,0.3997758,0.3993778
420,0.1998505,0.0009992106,0.399765,0.3993852
421,0.1998543,0.0009992081,0.3997528,0.3993938
422,0.1998582,0.0009991907,0.399739,0.3994036
423,0.1998623,0.0009991591,0.3997242,0.3994142
424,0.1998665,0.0009991137,0.3997087,0.3994257
425,0.1998707,0.0009990556,0.399693,0.3994372
426,0.1998747,0.0009989864,0.3996773,0.399449
427,0.1998786,0.000998907,0.3996623,0.3994602
428,0.1998821,0.0009988196,0.3996482,0.3994709
429,0.1998852,0.000998726,0.3996353,0.3994808
430,0.199888,0.0009986289,0.3996243,0.3994891
431,0.1998903,0.0009985301,0.3996153,0.3994959
432,0.1998921,0.0009984319,0.3996086,0.3995009
433,0.1998934,0.0009983367,0.3996043,0.399504
434,0.1998941,0.0009982467,0.3996027,0.399505
435,0.1998943,0.0009981642,0.3996038,0.3995036
436,0.1998941,0.0009980906,0.3996076,0.3995002
437,0.1998935,0.0009980286,0.3996142,0.3994944
438,0.1998924,0.0009979788,0.3996231,0.3994865
439,0.1998911,0.0009979426,0.3996345,0.3994765
440,0.1998896,0.0009979206,0.3996478,0.3994647
441,0.1998879,0.000997913,0.3996628,0.3994514
442,0.1998861,0.0009979204,0.3996792,0.3994367
443,0.1998844,0.0009979428,0.3996965,0.3994212
444,0.1998826,0.000997978,0.3997142,0.3994052
445,0.1998812,0.0009980267,0.3997319,0.3993888
446,0.1998799,0.0009980864,0.3997491,0.3993729
447,0.199879,0.0009981554,0.3997653,0.3993575
448,0.1998783,0.0009982324,0.39978,0.3993435
449,0.199878,0.0009983148,0.3997929,0.3993308
450,0.1998781,0.0009984007,0.3998036,0.3993199
451,0.1998786,0.0009984877,0.3998117,0.3993111
452,0.1998796,0.0009985731,0.3998172,0.3993046
453,0.1998808,0.0009986548,0.3998195,0.3993011
454,0.1998824,0.0009987303,0.3998185,0.3993003
455,0.1998843,0.0009987977,0.3998146,0.3993024
456,0.1998864,0.0009988562,0.3998077,0.399307
457,0.1998886,0.0009989027,0.3997976,0.3993149
458,0.1998908,0.0009989364,0.399785,0.3993252
459,0.199893,0.0009989574,0.3997701,0.3993379
460,0.199895,0.000998964,0.399753,0.399353
461,0.1998969,0.0009989571,0.3997344,0.3993698
462,0.1998984,0.0009989362,0.3997148,0.3993879
463,0.1998994,0.000998902,0.3996945,0.3994072
464,0.1999,0.0009988564,0.3996742,0.399427
465,0.1998999,0.0009987997,0.3996544,0.3994469
466,0.1998992,0.0009987353,0.3996357,0.3994664
467,0.1998979,0.0009986633,0.3996184,0.399485
468,0.1998958,0.0009985872,0.3996033,0.3995022
469,0.1998932,0.0009985092,0.3995909,0.3995174
470,0.19989,0.0009984319,0.3995813,0.3995302
471,0.1998861,0.0009983571,0.3995749,0.3995408
472,0.1998815,0.0009982873,0.3995719,0.3995483
473,0.1998767,0.0009982255,0.3995726,0.3995525
474,0.1998714,0.0009981729,0.3995768,0.3995537
475,0.1998659,0.0009981319,0.3995846,0.3995514
476,0.1998602,0.0009981036,0.3995957,0.399546
477,0.1998546,0.0009980901,0.3996101,0.3995373
478,0.1998491,0.0009980913,0.3996274,0.3995255
479,0.1998439,0.0009981076,0.399647,0.399511
480,0.1998391,0.000998139,0.3996685,0.3994943
481,0.1998348,0.0009981852,0.3996915,0.3994755
482,0.1998313,0.0009982447,0.3997152,0.3994552
483,0.1998285,0.0009983163,0.399739,0.3994341
484,0.1998267,0.0009983988,0.3997625,0.3994124
485,0.1998259,0.0009984887,0.3997848,0.3993908
486,0.1998261,0.0009985847,0.3998053,0.3993701
487,0.1998274,0.0009986833,0.3998235,0.3993505
488,0.1998299,0.0009987827,0.3998388,0.3993326
489,0.1998334,0.0009988787,0.3998508,0.3993169
490,0.199838,0.0009989692,0.399859,0.3993041
491,0.1998436,0.0009990513,0.3998633,0.399294
492,0.1998501,0.0009991217,0.3998634,0.3992874
493,0.1998573,0.0009991784,0.3998592,0.3992843
494,0.1998653,0.0009992195,0.3998508,0.3992846
495,0.1998737,0.0009992428,0.3998383,0.3992887
496,0.1998824,0.0009992472,0.399822,0.3992963
497,0.1998913,0.0009992321,0.3998023,0.3993072
498,0.1999,0.0009991968,0.3997796,0.3993212
499,0.1999085,0.0009991416,0.3997544,0.3993379
500,0.1999165,0.0009990678,0.3997275,0.3993569
501,0.1999238,0.0009989759,0.3996996,0.3993776
502,0.1999303,0.0009988686,0.3996713,0.3993994
503,0.1999358,0.0009987478,0.3996435,0.399422
504,0.1999401,0.0009986163,0.3996168,0.3994445
505,0.1999431,0.0009984775,0.399592,0.3994663
506,0.1999449,0.0009983346,0.3995698,0.399487
507,0.1999453,0.0009981912,0.3995507,0.3995059
508,0.1999441,0.0009980508,0.3995355,0.3995223
509,0.1999416,0.0009979174,0.3995245,0.399536
510,0.1999377,0.0009977949,0.3995181,0.3995464
511,0.1999326,0.0009976865,0.3995166,0.3995531
512,0.1999262,0.0009975954,0.3995199,0.3995563
513,0.1999189,0.0009975244,0.3995284,0.3995553
514,0.1999107,0.0009974757,0.3995415,0.3995504
515,0.1999017,0.0009974511,0.3995592,0.3995416
516,0.1998922,0.0009974521,0.3995811,0.3995292
517,0.1998825,0.000997479,0.3996066,0.3995134
518,0.1998727,0.0009975323,0.3996351,0.3994947
519,0.199863,0.0009976105,0.3996659,0.3994734
520,0.1998537,0.0009977132,0.3996983,0.3994502
521,0.1998451,0.0009978374,0.3997314,0.3994257
522,0.1998371,0.0009979808,0.3997642,0.3994007
523,0.1998301,0.0009981402,0.3997959,0.3993758
524,0.1998243,0.0009983126,0.3998258,0.3993514
525,0.1998199,0.0009984931,0.3998528,0.3993287
526,0.1998167,0.0009986778,0.3998765,0.3993082
527,0.199815,0.000998862,0.3998957,0.3992904
528,0.1998148,0.0009990415,0.3999104,0.3992758
529,0.199816,0.0009992115,0.3999197,0.3992651
530,0.1998187,0.0009993671,0.3999233,0.3992586
531,0.1998228,0.0009995053,0.3999213,0.3992564
532,0.1998281,0.0009996213,0.3999134,0.399259
533,0.1998344,0.0009997124,0.3998997,0.3992662
534,0.1998418,0.0009997763,0.3998809,0.3992777
535,0.1998497,0.0009998099,0.3998569,0.3992937
536,0.1998582,0.0009998133,0.3998284,0.3993136
537,0.199867,0.0009997854,0.3997963,0.3993369
538,0.1998759,0.0009997268,0.3997615,0.3993629
539,0.1998845,0.0009996385,0.3997246,0.3993913
540,0.1998927,0.0009995225,0.3996865,0.3994213
541,0.1999002,0.0009993812,0.3996487,0.3994518
542,0.1999069,0.000999218,0.3996116,0.3994824
543,0.1999126,0.0009990373,0.3995765,0.3995118
544,0.1999171,0.0009988429,0.3995444,0.3995397
545,0.1999203,0.0009986399,0.3995161,0.3995649
546,0.1999222,0.0009984337,0.3994926,0.3995867
547,0.1999227,0.0009982288,0.3994744,0.3996048
548,0.1999219,0.0009980309,0.399462,0.399618
549,0.1999197,0.0009978451,0.399456,0.3996265
550,0.1999163,0.0009976757,0.3994566,0.3996294
551,0.1999118,0.0009975281,0.3994639,0.3996268
552,0.1999062,0.0009974053,0.3994777,0.3996187
553,0.1998999,0.0009973111,0.3994977,0.3996052
554,0.1998929,0.0009972479,0.3995236,0.3995862
555,0.1998856,0.0009972178,0.3995548,0.3995624
556,0.199878,0.0009972213,0.3995905,0.3995343
557,0.1998705,0.0009972589,0.3996297,0.3995025
558,0.1998633,0.0009973296,0.3996716,0.3994678
559,0.1998565,0.0009974315,0.3997149,0.399431
560,0.1998505,0.0009975624,0.3997586,0.3993933
561,0.1998454,0.0009977183,0.3998016,0.3993553
562,0.1998414,0.0009978964,0.3998426,0.3993181
563,0.1998386,0.0009980907,0.3998804,0.399283
564,0.1998372,0.0009982969,0.3999141,0.3992504
565,0.1998373,0.0009985093,0.3999426,0.3992217
566,0.1998387,0.0009987218,0.399965,0.3991975
567,0.1998416,0.0009989293,0.3999807,0.3991787
568,0.199846,0.0009991255,0.3999892,0.3991656
569,0.1998517,0.0009993053,0.39999,0.399159
570,0.1998585,0.0009994634,0.3999831,0.399159
571,0.1998662,0.0009995955,0.3999687,0.3991655
572,0.1998747,0.0009996975,0.3999467,0.3991788
573,0.1998839,0.0009997663,0.3999179,0.3991985
574,0.1998932,0.0009998002,0.3998829,0.3992241
575,0.1999025,0.0009997977,0.3998424,0.3992552
576,0.1999115,0.0009997584,0.3997976,0.3992912
577,0.1999198,0.0009996828,0.3997495,0.399331
578,0.1999273,0.0009995734,0.3996997,0.3993734
579,0.1999336,0.0009994325,0.3996491,0.3994178
580,0.1999386,0.0009992644,0.3995992,0.3994629
581,0.1999419,0.0009990726,0.3995515,0.3995075
582,0.1999436,0.0009988629,0.3995071,0.3995505
583,0.1999434,0.0009986409,0.3994673,0.3995906
584,0.1999413,0.0009984127,0.3994334,0.3996269
585,0.1999374,0.000998185,0.3994063,0.3996581
586,0.1999316,0.0009979638,0.3993867,0.3996838
587,0.1999241,0.0009977558,0.3993754,0.3997028
588,0.199915,0.0009975671,0.3993728,0.3997146
589,0.1999045,0.0009974029,0.399379,0.3997191
590,0.1998929,0.0009972684,0.399394,0.3997158
591,0.1998804,0.0009971689,0.3994178,0.3997045
592,0.1998673,0.0009971062,0.3994496,0.3996859
593,0.199854,0.000997084,0.3994888,0.3996601
594,0.1998407,0.0009971029,0.3995346,0.3996276
595,0.1998279,0.0009971637,0.3995856,0.3995893
596,0.1998158,0.0009972652,0.3996406,0.3995464
597,0.1998048,0.0009974056,0.3996984,0.3994994
598,0.1997951,0.0009975813,0.3997574,0.3994499
599,0.1997872,0.0009977885,0.3998159,0.3993991
600,0.1997812,0.0009980222,0.3998724,0.3993484
601,0.1997774,0.0009982762,0.3999255,0.3992988
602,0.1997759,0.0009985436,0.3999733,0.3992523
603,0.1997767,0.0009988173,0.4000148,0.3992096
604,0.1997801,0.0009990905,0.4000486,0.3991722
605,0.199786,0.0009993548,0.4000736,0.399141
606,0.1997944,0.000999603,0.4000892,0.3991168
607,0.199805,0.0009998278,0.4000946,0.3991006
608,0.1998177,0.001000023,0.4000895,0.3990929
609,0.1998321,0.001000181,0.4000739,0.3990938
610,0.1998481,0.001000298,0.4000481,0.3991035
611,0.1998651,0.001000368,0.4000126,0.3991218
612,0.1998829,0.001000391,0.3999683,0.3991484
613,0.1999009,0.001000363,0.3999162,0.3991826
614,0.1999187,0.001000284,0.3998574,0.3992236
615,0.1999358,0.001000155,0.3997937,0.3992704
616,0.1999518,0.0009999796,0.3997265,0.3993217
617,0.1999663,0.0009997601,0.3996578,0.3993762
618,0.1999788,0.0009995013,0.3995891,0.3994327
619,0.199989,0.0009992104,0.3995225,0.3994893
620,0.1999967,0.0009988941,0.3994598,0.3995447
621,0.2000015,0.0009985598,0.3994026,0.3995973
622,0.2000035,0.0009982162,0.3993525,0.3996457
623,0.2000024,0.0009978729,0.399311,0.3996888
624,0.1999984,0.0009975382,0.3992792,0.3997248
625,0.1999914,0.0009972221,0.3992585,0.3997528
626,0.1999817,0.0009969324,0.3992492,0.3997722
627,0.1999694,0.0009966777,0.3992518,0.3997821
628,0.1999548,0.000996465,0.3992666,0.3997821
629,0.1999384,0.0009963011,0.3992932,0.3997722
630,0.1999203,0.0009961909,0.3993311,0.3997524
631,0.1999012,0.0009961387,0.3993795,0.3997232
632,0.1998815,0.0009961468,0.3994375,0.399685
633,0.1998615,0.0009962162,0.3995035,0.3996387
634,0.1998418,0.0009963461,0.3995759,0.3995859
635,0.1998229,0.0009965346,0.3996529,0.3995277
636,0.1998053,0.0009967774,0.3997325,0.3994654
637,0.1997893,0.0009970699,0.3998128,0.3994009
638,0.1997754,0.0009974048,0.3998913,0.3993358
639,0.1997641,0.0009977745,0.3999661,0.399272
640,0.1997555,0.0009981698,0.4000351,0.3992113
641,0.1997499,0.0009985809,0.4000962,0.3991553
642,0.1997476,0.0009989976,0.4001479,0.3991054
643,0.1997486,0.0009994088,0.4001884,0.3990636
644,0.199753,0.0009998038,0.4002165,0.3990307
645,0.1997606,0.001000172,0.4002312,0.399008
646,0.1997714,0.001000504,0.4002319,0.3989963
647,0.1997849,0.001000789,0.4002185,0.3989958
648,0.199801,0.00100102,0.4001909,0.3990072
649,0.1998191,0.00100119,0.4001498,0.39903
650,0.1998389,0.001001293,0.400096,0.3990638
651,0.1998597,0.001001325,0.4000309,0.3991081
652,0.1998809,0.001001286,0.399956,0.3991617
653,0.1999021,0.001001175,0.3998734,0.3992233
654,0.1999224,0.001000993,0.3997849,0.3992917
655,0.1999416,0.001000745,0.399693,0.3993646
656,0.1999588,0.001000437,0.3996002,0.3994405
657,0.1999738,0.001000076,0.3995088,0.3995174
658,0.1999859,0.0009996702,0.3994212,0.3995932
659,0.199995,0.0009992307,0.3993401,0.3996657
660,0.2000008,0.0009987678,0.3992676,0.3997329
661,0.200003,0.0009982942,0.3992057,0.399793
662,0.2000017,0.0009978217,0.399156,0.3998446
663,0.1999969,0.0009973628,0.3991203,0.3998854
664,0.1999888,0.0009969302,0.3990997,0.3999146
665,0.1999775,0.0009965349,0.3990948,0.3999312
666,0.1999633,0.000996188,0.3991061,0.3999343
667,0.1999468,0.000995899,0.3991334,0.3999239
668,0.1999283,0.0009956764,0.3991765,0.3998995
669,0.1999081,0.0009955266,0.3992342,0.3998622
670,0.1998869,0.0009954541,0.3993054,0.3998123
671,0.1998653,0.0009954624,0.3993884,0.3997508
672,0.1998439,0.0009955512,0.3994811,0.3996795
673,0.1998231,0.0009957202,0.3995814,0.3995998
674,0.1998035,0.0009959657,0.3996864,0.3995142
675,0.1997857,0.0009962807,0.3997936,0.3994244
676,0.1997703,0.0009966593,0.3999001,0.399333
677,0.1997577,0.0009970916,0.4000032,0.399242
678,0.1997482,0.0009975665,0.4000998,0.3991544
679,0.1997425,0.0009980724,0.4001873,0.3990722
680,0.1997404,0.000998595,0.4002629,0.3989981
681,0.1997424,0.0009991215,0.4003246,0.3989338
682,0.1997484,0.0009996364,0.4003704,0.3988816
683,0.1997584,0.001000127,0.4003991,0.3988425
684,0.1997723,0.001000579,0.400409,0.3988182
685,0.1997896,0.001000979,0.4003998,0.3988096
686,0.1998102,0.001001315,0.4003718,0.3988167
687,0.1998332,0.001001579,0.400325,0.3988402
688,0.1998583,0.001001761,0.4002606,0.3988794
689,0.1998846,0.001001855,0.4001801,0.3989334
690,0.1999114,0.001001858,0.4000854,0.3990013
691,0.1999379,0.001001768,0.3999791,0.3990812
692,0.1999633,0.001001587,0.3998637,0.3991715
693,0.1999868,0.001001318,0.3997422,0.3992696
694,0.2000078,0.001000968,0.399618,0.3993733
695,0.2000253,0.001000546,0.3994942,0.3994798
696,0.2000393,0.001000061,0.3993743,0.3995863
697,0.2000488,0.0009995273,0.3992614,0.3996903
698,0.2000537,0.0009989577,0.3991587,0.3997886
699,0.2000539,0.000998368,0.3990691,0.3998787
700,0.2000493,0.0009977738,0.3989951,0.3999579
701,0.2000398,0.0009971912,0.3989389,0.4000241
702,0.2000258,0.000996636,0.3989021,0.4000755
703,0.2000076,0.0009961246,0.3988861,0.4001102
704,0.1999855,0.0009956709,0.3988915,0.4001274
705,0.1999601,0.0009952878,0.3989187,0.4001259
706,0.1999321,0.0009949874,0.3989673,0.4001057
707,0.199902,0.0009947789,0.399036,0.4000672
708,0.1998706,0.0009946695,0.3991237,0.400011
709,0.1998387,0.0009946637,0.3992284,0.3999383
710,0.199807,0.0009947633,0.3993476,0.3998507
711,0.1997762,0.0009949682,0.3994783,0.3997506
712,0.1997472,0.0009952735,0.3996171,0.3996404
713,0.1997208,0.0009956736,0.3997607,0.3995227
714,0.1996977,0.0009961594,0.3999054,0.3994008
715,0.1996784,0.0009967186,0.4000469,0.399278
716,0.1996637,0.0009973382,0.4001817,0.3991572
717,0.1996541,0.0009980022,0.4003058,0.3990421
718,0.1996499,0.0009986936,0.4004157,0.3989357
719,0.1996515,0.0009993936,0.4005081,0.398841
720,0.199659,0.001000084,0.4005803,0.3987606
721,0.1996725,0.001000745,0.4006298,0.3986969
722,0.1996918,0.001001358,0.4006548,0.3986521
723,0.1997164,0.001001906,0.4006543,0.3986274
724,0.1997461,0.001002371,0.4006277,0.3986239
725,0.1997799,0.001002741,0.4005756,0.3986418
726,0.1998172,0.001003003,0.400499,0.3986808
727,0.1998568,0.001003147,0.4003995,0.3987405
728,0.1998979,0.001003167,0.4002796,0.3988193
729,0.1999391,0.001003062,0.4001423,0.3989155
730,0.1999795,0.00100283,0.399991,0.3990267
731,0.2000177,0.001002478,0.3998298,0.3991501
732,0.2000526,0.00100201,0.3996628,0.3992827
733,0.2000833,0.00100144,0.3994944,0.3994208
734,0.200109,0.00100078,0.3993292,0.399561
735,0.2001287,0.001000047,0.3991717,0.3996995
736,0.2001421,0.0009992595,0.399026,0.3998327
737,0.2001486,0.0009984372,0.3988962,0.3999568
738,0.2001483,0.0009976024,0.398786,0.4000681
739,0.2001411,0.0009967762,0.3986983,0.4001638
740,0.200127,0.0009959812,0.3986359,0.4002411
741,0.2001067,0.0009952389,0.3986008,0.4002973
742,0.2000805,0.0009945693,0.3985941,0.4003308
743,0.2000494,0.0009939921,0.3986165,0.4003402
744,0.2000135,0.000993523,0.3986678,0.4003251
745,0.1999742,0.0009931767,0.3987474,0.4002852
746,0.1999323,0.0009929638,0.3988535,0.4002213
747,0.1998886,0.0009928929,0.3989838,0.4001347
748,0.1998442,0.0009929673,0.3991352,0.4000277
749,0.1998001,0.0009931887,0.3993044,0.3999022
750,0.1997574,0.000993553,0.399487,0.399762
751,0.1997172,0.0009940538,0.3996786,0.3996102
752,0.1996803,0.0009946789,0.3998739,0.3994511
753,0.1996478,0.0009954162,0.400068,0.3992887
754,0.1996206,0.0009962471,0.4002558,0.3991273
755,0.1995995,0.0009971517,0.4004316,0.3989717
756,0.1995853,0.0009981074,0.4005907,0.3988259
757,0.1995784,0.0009990892,0.4007284,0.3986941
758,0.1995794,0.001000072,0.4008404,0.3985802
759,0.1995885,0.00100103,0.4009233,0.3984872
760,0.1996056,0.001001935,0.400974,0.3984185
761,0.1996304,0.001002765,0.4009908,0.3983759
762,0.1996626,0.001003494,0.4009727,0.3983612
763,0.1997014,0.001004101,0.4009196,0.3983749
764,0.1997457,0.001004568,0.4008321,0.3984176
765,0.1997943,0.00100488,0.4007126,0.3984882
766,0.1998459,0.001005026,0.4005639,0.3985852
767,0.199899,0.001005,0.4003894,0.3987066
768,0.199952,0.001004799,0.4001939,0.3988493
769,0.2000033,0.001004427,0.3999821,0.3990102
770,0.2000511,0.001003892,0.3997601,0.3991849
771,0.2000943,0.001003206,0.3995335,0.399369
772,0.2001315,0.001002385,0.3993083,0.3995578
773,0.2001615,0.00100145,0.3990907,0.3997464
774,0.2001835,0.001000425,0.3988864,0.3999297
775,0.2001969,0.000999335,0.398701,0.4001027
776,0.2002016,0.0009982097,0.3985395,0.4002607
777,0.2001974,0.0009970783,0.3984066,0.4003989
778,0.2001846,0.0009959699,0.3983058,0.4005137
779,0.2001636,0.0009949146,0.3982401,0.4006014
780,0.2001348,0.0009939411,0.3982119,0.4006593
781,0.2000993,0.0009930754,0.3982224,0.4006852
782,0.2000579,0.0009923417,0.3982717,0.400678
783,0.2000116,0.0009917608,0.3983595,0.4006371
784,0.1999615,0.00099135,0.3984839,0.4005632
785,0.1999089,0.0009911223,0.3986424,0.4004577
786,0.1998548,0.0009910864,0.3988314,0.4003227
787,0.1998006,0.0009912458,0.3990467,0.4001614
788,0.1997475,0.0009915988,0.399283,0.3999778
789,0.1996967,0.00099214,0.3995348,0.3997763
790,0.1996496,0.0009928573,0.3997953,0.3995622
791,0.1996074,0.0009937348,0.400058,0.3993409
792,0.1995713,0.0009947511,0.4003153,0.3991187
793,0.1995423,0.0009958823,0.4005607,0.3989011
794,0.1995216,0.0009971001,0.4007871,0.3986942
795,0.1995101,0.0009983728,0.4009874,0.3985041
796,0.1995084,0.0009996671,0.4011562,0.3983358
797,0.1995169,0.001000948,0.4012878,0.3981943
798,0.1995361,0.001002182,0.4013779,0.3980838
799,0.1995657,0.001003332,0.4014233,0.3980077
800,0.1996053,0.001004366,0.4014216,0.3979687
801,0.1996541,0.001005255,0.4013725,0.3979681
802,0.1997108,0.001005971,0.4012765,0.3980067
803,0.199774,0.00100649,0.4011354,0.398084
804,0.199842,0.001006798,0.4009529,0.3981984
805,0.1999125,0.00100688,0.4007333,0.3983473
806,0.1999834,0.001006732,0.4004824,0.3985275
807,0.2000525,0.001006355,0.4002067,0.3987345
808,0.2001175,0.001005756,0.3999134,0.3989632
809,0.2001763,0.001004948,0.3996105,0.3992082
810,0.2002271,0.001003951,0.3993061,0.3994628
811,0.2002683,0.001002791,0.3990083,0.3997206
812,0.2002987,0.001001497,0.3987252,0.3999746
813,0.2003174,0.001000102,0.3984641,0.4002185
814,0.200324,0.0009986436,0.398232,0.4004452
815,0.2003185,0.0009971599,0.3980356,0.4006487
816,0.2003011,0.0009956905,0.39788,0.4008232
817,0.2002725,0.0009942745,0.3977696,0.4009637
818,0.2002335,0.0009929509,0.3977079,0.4010657
819,0.2001852,0.0009917555,0.3976971,0.4011259
820,0.2001289,0.0009907214,0.3977383,0.4011421
821,0.200066,0.0009898786,0.397831,0.4011132
822,0.1999979,0.0009892517,0.397974,0.4010389
823,0.1999259,0.0009888603,0.3981643,0.4009209
824,0.199852,0.0009887181,0.3983981,0.4007612
825,0.1997774,0.0009888341,0.3986703,0.4005635
826,0.1997038,0.0009892079,0.3989745,0.4003325
827,0.1996328,0.0009898354,0.3993034,0.400074
828,0.199566,0.0009907039,0.3996488,0.3997945
829,0.1995049,0.0009917951,0.4000018,0.3995014
830,0.1994514,0.0009930843,0.4003532,0.3992023
831,0.1994067,0.0009945412,0.4006935,0.3989053
832,0.1993725,0.0009961296,0.4010127,0.3986186
833,0.1993503,0.0009978103,0.401302,0.3983499
834,0.1993411,0.0009995392,0.4015522,0.3981073
835,0.1993458,0.00100127,0.4017558,0.3978971
836,0.1993653,0.001002957,0.401906,0.3977258
837,0.1993997,0.001004552,0.4019974,0.3975984
838,0.1994486,0.001006009,0.4020263,0.3975191
