EwEVersion,"6.6.7.17812 (compiled 28/02/2022)"
Date,"26/02/2023 11:47:51 AM"
ModelName,CS_model_V1_110722
EcosimScenario,"New Ecosim scenario"
TimeSeries,(none)
StartYear,2020

Data,"Prey of Common Silverbelly"

timestep\group,"Mantis shrimp",Seastars,"Western King Prawn","Sea Cucumbers",Urchins,Detritus,
1,0.000632168,0.001002221,0.004405551,0.01082717,0.1895038,0.793629
2,0.0006320836,0.001002094,0.004405246,0.01082616,0.1894807,0.7936538
3,0.0006320851,0.001002096,0.004405444,0.01082645,0.1894796,0.7936543
4,0.0006320769,0.001002083,0.00440555,0.0108266,0.1894796,0.793654
5,0.0006320664,0.001002063,0.004405609,0.01082669,0.1894807,0.7936529
6,0.0006320568,0.001002041,0.004405647,0.01082679,0.1894828,0.7936506
7,0.0006320496,0.001002019,0.004405673,0.0108269,0.189486,0.7936474
8,0.0006320449,0.001001997,0.004405691,0.01082701,0.1894897,0.7936435
9,0.0006320433,0.001001977,0.004405708,0.01082712,0.1894939,0.7936393
10,0.0006320442,0.00100196,0.004405721,0.01082724,0.1894979,0.7936351
11,0.000632048,0.001001945,0.004405735,0.01082735,0.1895021,0.7936308
12,0.0006320538,0.001001934,0.004405748,0.01082745,0.1895059,0.7936269
13,0.0006320615,0.001001926,0.00440576,0.01082754,0.1895094,0.7936234
14,0.0006320704,0.001001921,0.004405768,0.01082761,0.1895124,0.7936202
15,0.0006320798,0.00100192,0.004405774,0.01082765,0.1895149,0.7936177
16,0.0006320899,0.001001922,0.004405777,0.01082768,0.1895169,0.7936157
17,0.0006320994,0.001001926,0.004405775,0.01082768,0.1895182,0.7936143
18,0.0006321082,0.001001933,0.004405769,0.01082765,0.189519,0.7936135
19,0.0006321162,0.001001941,0.004405758,0.01082759,0.1895193,0.7936133
20,0.000632123,0.001001951,0.004405744,0.01082751,0.189519,0.7936136
21,0.000632129,0.001001963,0.004405731,0.0108274,0.1895183,0.7936144
22,0.0006321327,0.001001975,0.00440571,0.01082727,0.189517,0.7936159
23,0.000632135,0.001001986,0.00440569,0.01082712,0.1895153,0.7936178
24,0.0006321358,0.001001999,0.004405668,0.01082695,0.1895132,0.7936201
25,0.0006321353,0.00100201,0.004405648,0.01082678,0.1895109,0.7936225
26,0.0006321329,0.001002021,0.004405628,0.0108266,0.1895083,0.7936253
27,0.0006321287,0.001002029,0.004405607,0.01082641,0.1895053,0.7936285
28,0.0006321236,0.001002037,0.004405592,0.01082623,0.1895023,0.7936318
29,0.0006321166,0.001002043,0.004405575,0.01082605,0.189499,0.7936352
30,0.0006321088,0.001002047,0.004405564,0.01082588,0.1894959,0.7936385
31,0.0006320999,0.001002048,0.004405554,0.01082573,0.1894927,0.7936419
32,0.0006320901,0.001002047,0.004405547,0.01082559,0.1894896,0.7936452
33,0.0006320796,0.001002045,0.004405544,0.01082547,0.1894866,0.7936482
34,0.0006320685,0.00100204,0.004405544,0.01082537,0.1894838,0.7936512
35,0.0006320574,0.001002032,0.004405549,0.0108253,0.1894813,0.7936538
36,0.0006320457,0.001002023,0.004405554,0.01082525,0.189479,0.7936561
37,0.0006320345,0.001002012,0.004405565,0.01082522,0.1894771,0.7936581
38,0.0006320234,0.001001999,0.004405578,0.01082522,0.1894754,0.7936598
39,0.0006320125,0.001001984,0.004405593,0.01082524,0.1894741,0.7936611
40,0.0006320027,0.001001969,0.004405613,0.0108253,0.1894732,0.793662
41,0.0006319937,0.001001953,0.004405635,0.01082537,0.1894727,0.7936623
42,0.0006319855,0.001001935,0.004405659,0.01082547,0.1894726,0.7936624
43,0.0006319781,0.001001918,0.004405681,0.01082558,0.1894727,0.7936621
44,0.0006319724,0.0010019,0.004405709,0.01082571,0.1894734,0.7936614
45,0.0006319675,0.001001884,0.004405735,0.01082586,0.1894743,0.7936602
46,0.0006319641,0.001001867,0.00440576,0.01082601,0.1894754,0.793659
47,0.0006319617,0.001001851,0.004405785,0.01082617,0.1894768,0.7936574
48,0.0006319609,0.001001837,0.00440581,0.01082633,0.1894784,0.7936557
49,0.0006319612,0.001001824,0.004405831,0.0108265,0.1894801,0.7936538
50,0.0006319629,0.001001814,0.004405852,0.01082666,0.1894819,0.7936518
51,0.0006319653,0.001001804,0.00440587,0.01082681,0.1894838,0.7936499
52,0.0006319688,0.001001797,0.004405885,0.01082695,0.1894856,0.7936478
53,0.0006319731,0.001001792,0.004405897,0.01082707,0.1894873,0.7936459
54,0.0006319783,0.001001789,0.004405905,0.01082718,0.1894889,0.7936442
55,0.000631984,0.001001788,0.004405912,0.01082727,0.1894904,0.7936426
56,0.0006319902,0.00100179,0.004405914,0.01082734,0.1894916,0.7936414
57,0.0006319963,0.001001792,0.004405912,0.01082738,0.1894927,0.7936403
58,0.0006320026,0.001001797,0.004405907,0.0108274,0.1894933,0.7936396
59,0.0006320088,0.001001804,0.004405899,0.01082739,0.1894937,0.7936392
60,0.0006320146,0.001001812,0.004405888,0.01082736,0.1894938,0.7936392
61,0.0006320201,0.001001822,0.004405875,0.01082731,0.1894935,0.7936395
62,0.0006320248,0.001001832,0.004405859,0.01082723,0.1894929,0.7936401
63,0.0006320293,0.001001843,0.004405843,0.01082713,0.189492,0.7936411
64,0.0006320328,0.001001854,0.004405826,0.01082702,0.1894909,0.7936424
65,0.0006320353,0.001001865,0.004405807,0.01082689,0.1894893,0.793644
66,0.0006320371,0.001001877,0.004405791,0.01082675,0.1894877,0.7936459
67,0.0006320379,0.001001887,0.004405773,0.01082661,0.1894858,0.7936478
68,0.0006320382,0.001001896,0.00440576,0.01082646,0.1894839,0.79365
69,0.0006320375,0.001001905,0.004405746,0.0108263,0.1894818,0.7936522
70,0.0006320354,0.001001911,0.004405731,0.01082615,0.1894796,0.7936546
71,0.0006320331,0.001001916,0.004405723,0.01082601,0.1894775,0.7936567
72,0.0006320304,0.00100192,0.004405718,0.01082588,0.1894756,0.7936589
73,0.0006320268,0.001001921,0.004405714,0.01082576,0.1894737,0.7936608
74,0.0006320229,0.001001921,0.004405715,0.01082567,0.1894721,0.7936626
75,0.0006320188,0.001001919,0.004405717,0.01082559,0.1894706,0.7936641
76,0.0006320149,0.001001915,0.004405727,0.01082554,0.1894696,0.7936653
77,0.0006320106,0.001001909,0.004405738,0.01082551,0.1894687,0.7936661
78,0.0006320067,0.001001901,0.004405751,0.01082551,0.1894682,0.7936666
79,0.0006320032,0.001001892,0.004405767,0.01082553,0.1894681,0.7936667
80,0.0006320002,0.001001881,0.004405786,0.01082559,0.1894684,0.7936664
81,0.0006319977,0.001001869,0.004405809,0.01082567,0.189469,0.7936656
82,0.0006319961,0.001001856,0.004405832,0.01082578,0.1894699,0.7936646
83,0.0006319954,0.001001843,0.004405858,0.01082592,0.1894713,0.793663
84,0.0006319951,0.001001828,0.00440588,0.01082607,0.1894729,0.7936614
85,0.0006319962,0.001001814,0.004405905,0.01082625,0.1894747,0.7936593
86,0.0006319985,0.001001801,0.004405931,0.01082644,0.1894769,0.7936569
87,0.0006320016,0.001001787,0.004405954,0.01082665,0.1894791,0.7936545
88,0.0006320053,0.001001774,0.004405974,0.01082686,0.1894815,0.7936519
89,0.0006320103,0.001001763,0.004405994,0.01082708,0.1894839,0.7936493
90,0.0006320159,0.001001752,0.00440601,0.0108273,0.1894863,0.7936467
91,0.0006320227,0.001001743,0.004406024,0.01082752,0.1894887,0.7936441
92,0.0006320293,0.001001735,0.004406032,0.01082772,0.1894908,0.7936417
93,0.0006320366,0.001001728,0.004406036,0.01082791,0.1894927,0.7936396
94,0.0006320445,0.001001723,0.00440604,0.0108281,0.1894945,0.7936376
95,0.0006320521,0.00100172,0.004406034,0.01082825,0.1894958,0.7936361
96,0.0006320602,0.001001719,0.00440603,0.0108284,0.1894969,0.7936348
97,0.0006320679,0.001001718,0.00440602,0.01082851,0.1894976,0.7936341
98,0.000632075,0.001001719,0.004406006,0.0108286,0.1894979,0.7936337
99,0.0006320819,0.001001722,0.00440599,0.01082866,0.1894978,0.7936338
100,0.0006320882,0.001001725,0.004405972,0.0108287,0.1894973,0.7936343
101,0.0006320935,0.00100173,0.00440595,0.01082871,0.1894963,0.7936352
102,0.0006320978,0.001001734,0.004405925,0.01082869,0.189495,0.7936366
103,0.0006321016,0.001001739,0.004405902,0.01082865,0.1894934,0.7936382
104,0.0006321036,0.001001744,0.004405875,0.01082857,0.1894913,0.7936404
105,0.0006321052,0.001001749,0.004405854,0.01082849,0.1894892,0.7936426
106,0.0006321054,0.001001754,0.00440583,0.01082839,0.1894867,0.7936452
107,0.000632105,0.001001758,0.00440581,0.01082828,0.1894842,0.7936479
108,0.0006321031,0.001001762,0.00440579,0.01082815,0.1894815,0.7936507
109,0.0006321006,0.001001764,0.004405776,0.01082802,0.1894789,0.7936534
110,0.000632097,0.001001766,0.004405763,0.01082788,0.1894764,0.7936561
111,0.0006320926,0.001001766,0.004405752,0.01082774,0.189474,0.7936587
112,0.000632088,0.001001766,0.00440575,0.01082762,0.1894719,0.7936608
113,0.0006320829,0.001001764,0.004405748,0.0108275,0.1894699,0.793663
114,0.0006320774,0.001001761,0.004405752,0.0108274,0.1894684,0.7936646
115,0.0006320718,0.001001757,0.00440576,0.01082731,0.1894672,0.7936659
116,0.0006320661,0.001001752,0.004405771,0.01082723,0.1894664,0.7936668
117,0.000632061,0.001001748,0.004405788,0.01082719,0.1894662,0.7936671
118,0.0006320557,0.001001742,0.004405807,0.01082715,0.1894663,0.7936669
119,0.0006320513,0.001001736,0.004405829,0.01082714,0.1894669,0.7936664
120,0.0006320475,0.00100173,0.004405853,0.01082715,0.1894679,0.7936653
121,0.0006320441,0.001001724,0.004405879,0.01082718,0.1894694,0.7936638
122,0.0006320416,0.00100172,0.004405905,0.01082724,0.1894712,0.793662
123,0.0006320402,0.001001715,0.004405932,0.0108273,0.1894734,0.7936597
124,0.0006320394,0.001001713,0.00440596,0.01082739,0.1894758,0.7936571
125,0.0006320394,0.001001711,0.004405983,0.01082749,0.1894785,0.7936543
126,0.0006320404,0.001001711,0.004406007,0.01082759,0.1894813,0.7936513
127,0.0006320418,0.001001711,0.004406026,0.0108277,0.1894841,0.7936484
128,0.0006320441,0.001001714,0.004406042,0.01082781,0.189487,0.7936454
129,0.0006320467,0.001001719,0.004406055,0.01082792,0.1894897,0.7936426
130,0.0006320502,0.001001726,0.004406066,0.01082803,0.1894923,0.7936398
131,0.0006320535,0.001001734,0.004406068,0.01082812,0.1894946,0.7936375
132,0.0006320576,0.001001744,0.00440607,0.01082821,0.1894966,0.7936354
133,0.0006320612,0.001001756,0.004406066,0.01082828,0.1894981,0.7936337
134,0.0006320646,0.001001769,0.004406056,0.01082834,0.1894993,0.7936325
135,0.0006320676,0.001001783,0.004406042,0.01082837,0.1894999,0.7936318
136,0.0006320704,0.001001798,0.004406025,0.01082839,0.1895,0.7936316
137,0.000632072,0.001001813,0.004406003,0.01082837,0.1894996,0.7936321
138,0.0006320729,0.001001829,0.004405978,0.01082835,0.1894987,0.7936331
139,0.0006320728,0.001001844,0.004405951,0.0108283,0.1894971,0.7936347
140,0.0006320718,0.001001859,0.004405922,0.01082823,0.1894952,0.7936368
141,0.0006320696,0.001001872,0.004405892,0.01082814,0.1894927,0.7936393
142,0.0006320664,0.001001884,0.004405862,0.01082805,0.1894899,0.7936423
143,0.0006320623,0.001001894,0.004405835,0.01082794,0.1894868,0.7936455
144,0.000632057,0.001001902,0.004405808,0.01082782,0.1894834,0.7936491
145,0.0006320504,0.001001908,0.004405781,0.0108277,0.1894798,0.7936528
146,0.0006320433,0.001001911,0.004405759,0.01082758,0.1894761,0.7936566
147,0.0006320357,0.001001912,0.004405743,0.01082747,0.1894726,0.7936603
148,0.0006320275,0.001001909,0.004405729,0.01082736,0.189469,0.793664
149,0.0006320188,0.001001903,0.004405722,0.01082727,0.1894657,0.7936674
150,0.0006320105,0.001001895,0.004405721,0.0108272,0.1894629,0.7936703
151,0.0006320018,0.001001884,0.004405722,0.01082715,0.1894602,0.793673
152,0.0006319938,0.00100187,0.004405733,0.01082712,0.1894582,0.7936751
153,0.0006319862,0.001001853,0.004405749,0.01082712,0.1894566,0.7936767
154,0.0006319794,0.001001835,0.004405768,0.01082715,0.1894558,0.7936775
155,0.0006319738,0.001001815,0.004405793,0.0108272,0.1894554,0.7936778
156,0.0006319695,0.001001793,0.004405823,0.01082729,0.1894558,0.7936773
157,0.0006319665,0.00100177,0.004405856,0.0108274,0.1894569,0.7936761
158,0.0006319651,0.001001747,0.004405892,0.01082754,0.1894585,0.7936743
159,0.0006319655,0.001001725,0.004405931,0.0108277,0.1894609,0.7936717
160,0.000631968,0.001001703,0.004405972,0.01082789,0.1894638,0.7936686
161,0.0006319719,0.001001683,0.00440601,0.01082809,0.1894672,0.793665
162,0.0006319779,0.001001664,0.00440605,0.01082831,0.1894711,0.7936609
163,0.0006319856,0.001001647,0.004406086,0.01082853,0.1894753,0.7936565
164,0.0006319951,0.001001634,0.004406121,0.01082876,0.1894797,0.7936518
165,0.0006320059,0.001001623,0.004406151,0.01082898,0.1894843,0.7936469
166,0.0006320183,0.001001616,0.004406177,0.01082919,0.1894889,0.7936421
167,0.0006320313,0.001001612,0.004406194,0.01082938,0.1894932,0.7936375
168,0.000632046,0.001001612,0.004406209,0.01082956,0.1894976,0.7936329
169,0.0006320606,0.001001616,0.004406216,0.01082971,0.1895016,0.7936288
170,0.0006320757,0.001001624,0.004406216,0.01082983,0.1895051,0.7936252
171,0.0006320905,0.001001636,0.004406208,0.01082991,0.189508,0.7936221
172,0.0006321052,0.001001652,0.004406193,0.01082995,0.1895104,0.7936197
173,0.000632119,0.00100167,0.004406171,0.01082995,0.189512,0.793618
174,0.0006321316,0.001001691,0.004406143,0.01082991,0.1895129,0.7936172
175,0.0006321428,0.001001715,0.004406108,0.01082982,0.189513,0.7936172
176,0.0006321527,0.001001741,0.004406069,0.01082969,0.1895123,0.7936181
177,0.0006321606,0.001001768,0.004406026,0.01082952,0.1895109,0.7936196
178,0.0006321663,0.001001795,0.004405979,0.01082931,0.1895086,0.7936221
179,0.0006321694,0.001001823,0.004405929,0.01082906,0.1895056,0.7936255
180,0.0006321705,0.00100185,0.004405878,0.01082878,0.189502,0.7936293
181,0.0006321692,0.001001876,0.004405829,0.01082848,0.1894978,0.7936339
182,0.0006321655,0.001001901,0.004405784,0.01082817,0.1894933,0.7936387
183,0.0006321593,0.001001923,0.004405737,0.01082784,0.1894882,0.7936441
184,0.0006321513,0.001001943,0.004405701,0.01082752,0.189483,0.7936497
185,0.0006321408,0.001001958,0.004405664,0.01082719,0.1894777,0.7936553
186,0.0006321287,0.00100197,0.004405636,0.01082688,0.1894724,0.7936609
187,0.0006321145,0.001001978,0.004405611,0.01082658,0.1894673,0.7936664
188,0.0006320996,0.001001982,0.004405599,0.01082631,0.1894625,0.7936715
189,0.0006320839,0.001001982,0.004405594,0.01082608,0.1894582,0.7936761
190,0.0006320673,0.001001978,0.004405597,0.01082589,0.1894545,0.7936799
191,0.0006320504,0.00100197,0.004405607,0.01082575,0.1894514,0.7936834
192,0.0006320339,0.001001957,0.004405627,0.01082565,0.189449,0.7936857
193,0.0006320177,0.001001941,0.004405653,0.0108256,0.1894474,0.7936873
194,0.0006320027,0.001001922,0.004405688,0.01082562,0.1894467,0.7936881
195,0.0006319889,0.0010019,0.004405729,0.01082568,0.189447,0.7936878
196,0.0006319768,0.001001876,0.004405776,0.0108258,0.1894481,0.7936864
197,0.0006319667,0.001001851,0.004405828,0.01082598,0.1894502,0.7936842
198,0.0006319588,0.001001825,0.004405883,0.0108262,0.189453,0.7936811
199,0.000631953,0.001001799,0.004405939,0.01082646,0.1894566,0.7936773
200,0.0006319495,0.001001773,0.004405994,0.01082677,0.1894609,0.7936726
201,0.000631949,0.001001748,0.004406051,0.01082711,0.1894658,0.7936673
202,0.0006319503,0.001001725,0.004406102,0.01082746,0.1894711,0.7936617
203,0.0006319545,0.001001705,0.004406151,0.01082784,0.1894767,0.7936556
204,0.0006319609,0.001001687,0.004406194,0.01082822,0.1894825,0.7936494
205,0.0006319692,0.001001672,0.00440623,0.0108286,0.1894882,0.7936434
206,0.0006319795,0.001001662,0.004406258,0.01082897,0.1894938,0.7936372
207,0.0006319915,0.001001655,0.004406279,0.01082932,0.1894992,0.7936316
208,0.0006320049,0.001001652,0.004406292,0.01082965,0.1895041,0.7936263
209,0.0006320189,0.001001653,0.004406296,0.01082993,0.1895084,0.7936217
210,0.0006320339,0.001001658,0.00440629,0.01083018,0.189512,0.7936178
211,0.0006320486,0.001001667,0.004406273,0.01083037,0.1895148,0.7936149
212,0.0006320629,0.001001679,0.004406247,0.01083051,0.1895166,0.7936129
213,0.0006320769,0.001001695,0.004406215,0.01083059,0.1895176,0.7936118
214,0.00063209,0.001001713,0.004406174,0.01083062,0.1895176,0.7936118
215,0.0006321011,0.001001733,0.004406125,0.01083058,0.1895164,0.793613
216,0.0006321109,0.001001755,0.004406071,0.01083049,0.1895143,0.7936153
217,0.0006321189,0.001001777,0.004406014,0.01083035,0.1895113,0.7936184
218,0.0006321247,0.0010018,0.004405956,0.01083015,0.1895075,0.7936224
219,0.000632128,0.001001822,0.004405894,0.0108299,0.1895027,0.7936276
220,0.0006321291,0.001001843,0.004405834,0.01082961,0.1894974,0.7936332
221,0.0006321279,0.001001862,0.004405777,0.0108293,0.1894916,0.7936394
222,0.0006321243,0.001001878,0.004405725,0.01082896,0.1894854,0.7936459
223,0.0006321182,0.001001892,0.004405676,0.0108286,0.189479,0.7936528
224,0.0006321105,0.001001902,0.004405636,0.01082824,0.1894726,0.7936596
225,0.0006321007,0.001001908,0.004405603,0.01082789,0.1894663,0.7936662
226,0.0006320896,0.00100191,0.004405579,0.01082754,0.1894603,0.7936726
227,0.0006320774,0.001001908,0.004405564,0.01082722,0.1894548,0.7936784
228,0.0006320642,0.001001903,0.004405561,0.01082693,0.18945,0.7936835
229,0.0006320509,0.001001893,0.004405566,0.01082668,0.189446,0.7936878
230,0.0006320378,0.00100188,0.004405586,0.01082649,0.1894429,0.7936911
231,0.0006320248,0.001001862,0.004405612,0.01082633,0.1894408,0.7936934
232,0.0006320126,0.001001843,0.004405648,0.01082623,0.1894398,0.7936945
233,0.000632002,0.001001821,0.004405695,0.0108262,0.1894399,0.7936944
234,0.0006319929,0.001001797,0.004405746,0.01082622,0.1894412,0.7936931
235,0.0006319858,0.001001772,0.004405807,0.0108263,0.1894437,0.7936904
236,0.0006319808,0.001001748,0.004405871,0.01082643,0.1894473,0.7936867
237,0.0006319783,0.001001723,0.004405937,0.01082662,0.1894518,0.793682
238,0.0006319782,0.001001701,0.004406004,0.01082685,0.1894573,0.7936761
239,0.0006319808,0.00100168,0.004406072,0.01082712,0.1894635,0.7936696
240,0.0006319858,0.001001662,0.004406135,0.01082742,0.1894703,0.7936625
241,0.0006319935,0.001001648,0.004406196,0.01082775,0.1894777,0.7936547
242,0.0006320031,0.001001637,0.004406248,0.01082808,0.1894851,0.7936469
243,0.0006320152,0.001001631,0.004406296,0.01082843,0.1894928,0.7936389
244,0.0006320285,0.00100163,0.004406331,0.01082876,0.1895001,0.7936311
245,0.0006320437,0.001001634,0.004406357,0.01082907,0.1895072,0.7936237
246,0.0006320598,0.001001643,0.004406373,0.01082936,0.1895136,0.793617
247,0.0006320762,0.001001657,0.004406373,0.01082961,0.1895193,0.7936109
248,0.0006320928,0.001001676,0.004406365,0.01082982,0.1895241,0.7936059
249,0.0006321089,0.001001699,0.004406342,0.01082998,0.1895278,0.7936021
250,0.0006321241,0.001001726,0.00440631,0.01083008,0.1895303,0.7935994
251,0.0006321379,0.001001757,0.004406264,0.01083011,0.1895314,0.7935982
252,0.0006321502,0.00100179,0.004406211,0.01083009,0.1895314,0.7935983
253,0.00063216,0.001001825,0.004406148,0.01083001,0.1895299,0.7936
254,0.0006321674,0.001001861,0.004406079,0.01082986,0.1895271,0.7936029
255,0.0006321716,0.001001898,0.004406004,0.01082965,0.189523,0.7936073
256,0.0006321727,0.001001933,0.004405924,0.01082939,0.1895177,0.7936128
257,0.0006321708,0.001001966,0.004405843,0.01082908,0.1895113,0.7936197
258,0.0006321656,0.001001996,0.004405765,0.01082873,0.1895039,0.7936274
259,0.0006321567,0.001002022,0.004405689,0.01082835,0.1894957,0.793636
260,0.0006321452,0.001002044,0.004405617,0.01082795,0.1894871,0.7936451
261,0.0006321304,0.00100206,0.004405553,0.01082754,0.1894781,0.7936546
262,0.0006321132,0.00100207,0.004405499,0.01082714,0.189469,0.7936641
263,0.0006320936,0.001002074,0.004405454,0.01082676,0.1894601,0.7936736
264,0.0006320722,0.001002071,0.004405422,0.01082639,0.1894515,0.7936825
265,0.0006320495,0.001002061,0.004405403,0.01082607,0.1894435,0.7936909
266,0.0006320263,0.001002045,0.0044054,0.0108258,0.1894365,0.7936983
267,0.0006320032,0.001002022,0.00440541,0.01082559,0.1894304,0.7937045
268,0.0006319804,0.001001993,0.004405434,0.01082544,0.1894256,0.7937095
269,0.0006319587,0.001001958,0.004405474,0.01082537,0.1894222,0.793713
270,0.0006319387,0.001001918,0.004405525,0.01082537,0.1894203,0.7937149
271,0.000631921,0.001001875,0.004405591,0.01082545,0.1894201,0.7937152
272,0.000631906,0.001001828,0.004405665,0.01082561,0.1894213,0.7937137
273,0.0006318945,0.00100178,0.004405749,0.01082585,0.1894242,0.7937106
274,0.0006318867,0.001001731,0.004405839,0.01082616,0.1894286,0.7937058
275,0.0006318828,0.001001682,0.004405935,0.01082654,0.1894346,0.7936994
276,0.000631883,0.001001635,0.004406032,0.01082697,0.1894418,0.7936917
277,0.0006318873,0.001001591,0.004406128,0.01082746,0.1894503,0.7936827
278,0.0006318962,0.001001551,0.004406222,0.01082798,0.1894596,0.7936727
279,0.0006319092,0.001001516,0.00440631,0.01082853,0.1894698,0.7936619
280,0.0006319259,0.001001488,0.00440639,0.01082908,0.1894803,0.7936507
281,0.0006319461,0.001001466,0.004406459,0.01082963,0.1894911,0.7936394
282,0.0006319694,0.001001452,0.004406515,0.01083016,0.1895019,0.7936281
283,0.0006319957,0.001001445,0.00440656,0.01083066,0.1895123,0.7936171
284,0.0006320238,0.001001448,0.004406588,0.01083111,0.189522,0.7936069
285,0.0006320535,0.001001459,0.004406599,0.01083151,0.1895308,0.7935976
286,0.0006320833,0.001001478,0.004406592,0.01083182,0.1895384,0.7935896
287,0.0006321132,0.001001505,0.00440657,0.01083205,0.1895447,0.7935831
288,0.0006321422,0.001001539,0.004406529,0.0108322,0.1895493,0.7935783
289,0.0006321698,0.00100158,0.004406474,0.01083224,0.1895524,0.7935751
290,0.0006321949,0.001001627,0.004406402,0.01083219,0.1895535,0.7935742
291,0.0006322169,0.001001678,0.004406317,0.01083203,0.1895527,0.793575
292,0.0006322356,0.001001733,0.00440622,0.01083178,0.1895501,0.793578
293,0.0006322498,0.001001789,0.004406116,0.01083142,0.1895456,0.7935827
294,0.0006322596,0.001001847,0.004406005,0.01083098,0.1895394,0.7935894
295,0.0006322646,0.001001903,0.00440589,0.01083046,0.1895316,0.7935979
296,0.0006322647,0.001001957,0.004405775,0.01082987,0.1895224,0.7936078
297,0.0006322591,0.001002008,0.004405662,0.01082922,0.1895118,0.7936191
298,0.0006322486,0.001002054,0.004405553,0.01082854,0.1895003,0.7936312
299,0.0006322337,0.001002094,0.004405456,0.01082784,0.1894883,0.7936441
300,0.000632214,0.001002126,0.004405367,0.01082713,0.1894758,0.7936573
301,0.0006321901,0.001002151,0.004405294,0.01082643,0.1894634,0.7936706
302,0.0006321626,0.001002167,0.004405234,0.01082575,0.1894511,0.7936835
303,0.0006321323,0.001002173,0.004405193,0.01082514,0.1894397,0.7936957
304,0.0006321002,0.00100217,0.004405173,0.01082459,0.1894291,0.7937069
305,0.0006320662,0.001002158,0.004405168,0.0108241,0.1894198,0.7937168
306,0.0006320322,0.001002137,0.004405188,0.01082373,0.189412,0.7937248
307,0.0006319985,0.001002107,0.004405228,0.01082345,0.189406,0.7937312
308,0.0006319658,0.001002069,0.004405285,0.01082328,0.1894018,0.7937356
309,0.0006319354,0.001002024,0.00440536,0.01082324,0.1893997,0.7937376
310,0.0006319078,0.001001974,0.004405452,0.01082332,0.1893999,0.7937374
311,0.0006318837,0.001001919,0.004405557,0.01082351,0.1894021,0.793735
312,0.0006318641,0.001001861,0.004405674,0.01082382,0.1894065,0.7937302
313,0.0006318491,0.001001801,0.004405799,0.01082425,0.189413,0.7937233
314,0.0006318397,0.001001742,0.004405931,0.01082478,0.1894214,0.7937143
315,0.0006318355,0.001001684,0.004406063,0.0108254,0.1894315,0.7937035
316,0.0006318368,0.001001629,0.004406194,0.01082609,0.1894431,0.7936912
317,0.0006318439,0.001001578,0.004406319,0.01082684,0.1894558,0.7936776
318,0.0006318567,0.001001534,0.004406437,0.01082763,0.1894694,0.7936631
319,0.0006318747,0.001001497,0.004406543,0.01082844,0.1894835,0.7936481
320,0.0006318972,0.001001468,0.004406633,0.01082925,0.1894977,0.793633
321,0.000631924,0.001001448,0.004406706,0.01083003,0.1895116,0.7936183
322,0.0006319545,0.001001439,0.004406761,0.01083079,0.1895251,0.793604
323,0.0006319876,0.001001439,0.004406792,0.01083147,0.1895373,0.793591
324,0.0006320224,0.001001449,0.004406801,0.01083207,0.1895483,0.7935794
325,0.0006320582,0.001001469,0.004406789,0.01083258,0.1895576,0.7935696
326,0.000632094,0.001001498,0.004406752,0.01083297,0.1895649,0.7935617
327,0.000632129,0.001001536,0.004406695,0.01083326,0.1895701,0.7935562
328,0.000632162,0.001001582,0.004406616,0.0108334,0.189573,0.7935532
329,0.0006321922,0.001001634,0.004406518,0.01083342,0.1895735,0.7935527
330,0.0006322186,0.001001691,0.004406403,0.0108333,0.1895714,0.793555
331,0.0006322404,0.001001751,0.004406272,0.01083303,0.1895669,0.7935598
332,0.0006322574,0.001001814,0.004406134,0.01083265,0.18956,0.7935671
333,0.0006322689,0.001001876,0.004405988,0.01083215,0.1895509,0.7935768
334,0.0006322742,0.001001937,0.004405837,0.01083154,0.1895397,0.7935888
335,0.0006322736,0.001001994,0.00440569,0.01083084,0.1895268,0.7936024
336,0.0006322666,0.001002046,0.004405544,0.01083006,0.1895125,0.7936177
337,0.0006322538,0.001002092,0.00440541,0.01082924,0.1894971,0.7936339
338,0.0006322349,0.001002129,0.004405285,0.01082837,0.189481,0.7936509
339,0.0006322112,0.001002158,0.004405181,0.01082751,0.1894648,0.7936682
340,0.0006321825,0.001002176,0.004405093,0.01082666,0.1894487,0.7936852
341,0.0006321502,0.001002183,0.004405028,0.01082585,0.1894332,0.7937015
342,0.0006321148,0.001002179,0.004404985,0.01082509,0.1894189,0.7937167
343,0.0006320773,0.001002164,0.00440497,0.01082442,0.1894061,0.7937303
344,0.0006320387,0.001002138,0.004404979,0.01082385,0.1893951,0.7937419
345,0.0006320003,0.001002102,0.004405017,0.0108234,0.1893863,0.7937512
346,0.0006319627,0.001002055,0.004405079,0.01082307,0.1893799,0.7937579
347,0.0006319276,0.001002001,0.004405165,0.01082288,0.1893762,0.7937617
348,0.0006318956,0.001001939,0.004405274,0.01082284,0.1893753,0.7937626
349,0.0006318679,0.001001872,0.004405404,0.01082296,0.1893774,0.7937605
350,0.0006318447,0.001001801,0.004405547,0.01082321,0.1893822,0.7937554
351,0.0006318277,0.001001729,0.004405707,0.01082361,0.1893899,0.7937473
352,0.0006318172,0.001001657,0.004405875,0.01082414,0.1894002,0.7937363
353,0.0006318132,0.001001588,0.004406046,0.0108248,0.1894128,0.7937229
354,0.0006318158,0.001001522,0.004406215,0.01082554,0.1894275,0.7937075
355,0.0006318256,0.001001463,0.00440638,0.01082638,0.1894439,0.79369
356,0.0006318426,0.001001412,0.00440654,0.01082728,0.1894618,0.7936712
357,0.0006318656,0.00100137,0.00440668,0.01082821,0.1894802,0.7936516
358,0.0006318949,0.00100134,0.004406806,0.01082915,0.1894992,0.7936316
359,0.0006319291,0.001001322,0.004406908,0.01083007,0.189518,0.7936118
360,0.0006319681,0.001001317,0.004406988,0.01083096,0.1895361,0.7935927
361,0.0006320104,0.001001325,0.004407039,0.01083177,0.1895531,0.7935748
362,0.000632055,0.001001346,0.004407062,0.0108325,0.1895683,0.7935587
363,0.0006321004,0.001001381,0.004407051,0.01083311,0.1895815,0.7935448
364,0.0006321461,0.001001428,0.004407015,0.01083359,0.1895923,0.7935335
365,0.0006321897,0.001001486,0.004406943,0.01083392,0.1896002,0.7935253
366,0.0006322314,0.001001555,0.004406847,0.01083409,0.1896051,0.7935202
367,0.0006322686,0.001001632,0.004406721,0.0108341,0.1896066,0.7935186
368,0.0006323009,0.001001715,0.004406574,0.01083394,0.1896049,0.7935206
369,0.0006323275,0.001001804,0.004406407,0.01083361,0.1895998,0.793526
370,0.0006323472,0.001001894,0.004406225,0.01083312,0.1895915,0.793535
371,0.0006323591,0.001001984,0.004406029,0.01083247,0.1895799,0.7935473
372,0.0006323631,0.001002072,0.004405829,0.01083169,0.1895656,0.7935625
373,0.0006323589,0.001002154,0.004405629,0.0108308,0.1895488,0.7935803
374,0.0006323461,0.00100223,0.004405433,0.01082981,0.1895297,0.7936004
375,0.0006323255,0.001002296,0.00440525,0.01082876,0.1895093,0.7936221
376,0.0006322964,0.00100235,0.004405078,0.01082766,0.1894875,0.7936451
377,0.0006322605,0.001002391,0.004404929,0.01082656,0.1894653,0.7936686
378,0.0006322178,0.001002417,0.004404801,0.01082547,0.189443,0.7936921
379,0.0006321699,0.001002428,0.004404704,0.01082443,0.1894215,0.7937148
380,0.0006321179,0.001002423,0.004404639,0.01082348,0.1894012,0.7937361
381,0.000632063,0.001002401,0.004404609,0.01082264,0.1893828,0.7937555
382,0.0006320063,0.001002363,0.00440461,0.01082192,0.1893665,0.7937726
383,0.0006319496,0.00100231,0.00440465,0.01082136,0.1893532,0.7937865
384,0.0006318945,0.001002242,0.004404724,0.01082098,0.189343,0.7937971
385,0.0006318425,0.001002162,0.004404834,0.01082079,0.1893365,0.7938039
386,0.0006317948,0.00100207,0.004404973,0.01082079,0.1893336,0.7938067
387,0.0006317531,0.001001969,0.004405142,0.010821,0.1893346,0.7938055
388,0.0006317176,0.001001862,0.004405333,0.01082139,0.1893395,0.7938002
389,0.0006316913,0.001001752,0.004405548,0.010822,0.1893485,0.7937905
390,0.0006316733,0.00100164,0.004405773,0.01082278,0.189361,0.7937772
391,0.0006316652,0.001001531,0.00440601,0.01082373,0.189377,0.7937601
392,0.0006316669,0.001001426,0.004406246,0.01082481,0.1893961,0.7937399
393,0.0006316788,0.001001329,0.00440648,0.01082601,0.1894177,0.7937168
394,0.0006317007,0.001001242,0.004406702,0.0108273,0.1894413,0.7936918
395,0.0006317322,0.001001169,0.004406908,0.01082864,0.1894665,0.7936651
396,0.0006317729,0.00100111,0.004407092,0.01083,0.1894924,0.7936376
397,0.0006318215,0.001001068,0.004407247,0.01083134,0.1895184,0.7936101
398,0.0006318772,0.001001044,0.004407371,0.01083263,0.1895439,0.7935832
399,0.0006319382,0.001001039,0.004407456,0.01083382,0.1895681,0.7935577
400,0.000632004,0.001001054,0.004407506,0.0108349,0.1895905,0.793534
401,0.0006320718,0.001001087,0.004407513,0.01083582,0.1896102,0.7935134
402,0.0006321407,0.00100114,0.004407482,0.01083657,0.1896269,0.7934958
403,0.0006322079,0.00100121,0.004407403,0.01083709,0.1896399,0.7934822
404,0.0006322727,0.001001296,0.004407287,0.0108374,0.1896489,0.7934728
405,0.0006323335,0.001001397,0.004407133,0.01083748,0.1896536,0.7934681
406,0.0006323875,0.001001509,0.004406945,0.01083731,0.1896538,0.7934681
407,0.0006324337,0.00100163,0.004406727,0.01083689,0.1896493,0.793473
408,0.0006324713,0.001001757,0.004406486,0.01083625,0.1896404,0.7934826
409,0.0006324985,0.001001886,0.004406224,0.01083537,0.1896271,0.7934968
410,0.0006325145,0.001002015,0.004405951,0.0108343,0.1896097,0.7935155
411,0.0006325191,0.001002139,0.004405674,0.01083304,0.1895887,0.7935379
412,0.0006325115,0.001002256,0.004405397,0.01083163,0.1895643,0.7935638
413,0.0006324925,0.001002363,0.004405134,0.01083011,0.1895376,0.7935923
414,0.0006324615,0.001002456,0.004404885,0.01082851,0.1895088,0.7936229
415,0.0006324201,0.001002533,0.004404664,0.01082688,0.189479,0.7936544
416,0.000632368,0.001002592,0.004404469,0.01082525,0.1894487,0.7936865
417,0.0006323078,0.00100263,0.004404313,0.01082367,0.189419,0.7937181
418,0.0006322398,0.001002647,0.004404196,0.01082218,0.1893904,0.7937484
419,0.000632167,0.001002643,0.004404129,0.01082083,0.189364,0.7937763
420,0.0006320894,0.001002615,0.004404102,0.01081963,0.1893401,0.7938015
421,0.0006320106,0.001002566,0.004404126,0.01081865,0.1893197,0.793823
422,0.000631932,0.001002496,0.004404198,0.01081789,0.1893034,0.7938401
423,0.000631856,0.001002407,0.004404319,0.01081739,0.1892916,0.7938524
424,0.0006317844,0.001002302,0.004404484,0.01081716,0.1892847,0.7938595
425,0.000631719,0.001002182,0.004404692,0.01081722,0.1892831,0.7938612
426,0.0006316616,0.00100205,0.004404933,0.01081755,0.1892867,0.7938571
427,0.0006316145,0.001001911,0.004405207,0.01081818,0.1892957,0.7938474
428,0.0006315782,0.001001768,0.004405504,0.01081906,0.1893097,0.7938324
429,0.0006315541,0.001001623,0.004405815,0.0108202,0.1893285,0.7938123
430,0.0006315433,0.001001483,0.004406135,0.01082155,0.1893517,0.7937876
431,0.0006315458,0.00100135,0.004406455,0.01082311,0.1893789,0.7937587
432,0.0006315621,0.001001227,0.004406766,0.01082481,0.1894091,0.7937265
433,0.0006315915,0.001001119,0.004407058,0.01082661,0.1894417,0.793692
434,0.0006316335,0.001001028,0.004407324,0.01082849,0.1894758,0.7936557
435,0.0006316876,0.001000958,0.004407558,0.01083037,0.1895106,0.7936189
436,0.0006317516,0.001000909,0.00440775,0.01083222,0.1895452,0.7935823
437,0.0006318245,0.001000884,0.004407897,0.01083399,0.1895785,0.7935469
438,0.0006319045,0.001000884,0.004407993,0.01083562,0.1896097,0.793514
439,0.0006319894,0.001000909,0.004408038,0.01083708,0.1896379,0.793484
440,0.0006320769,0.001000959,0.004408023,0.01083831,0.1896623,0.7934583
441,0.0006321646,0.001001031,0.004407952,0.01083929,0.1896822,0.7934374
442,0.0006322506,0.001001126,0.004407829,0.01083999,0.189697,0.7934217
443,0.0006323324,0.001001241,0.004407654,0.01084038,0.1897063,0.7934121
444,0.0006324071,0.001001372,0.004407426,0.01084045,0.1897095,0.7934089
445,0.0006324737,0.001001517,0.00440716,0.0108402,0.1897068,0.7934119
446,0.0006325293,0.001001672,0.004406853,0.01083962,0.1896979,0.7934214
447,0.0006325727,0.001001832,0.004406519,0.01083873,0.189683,0.7934373
448,0.0006326025,0.001001993,0.004406164,0.01083755,0.1896625,0.7934592
449,0.0006326177,0.001002151,0.004405797,0.0108361,0.1896368,0.7934865
450,0.0006326176,0.001002301,0.00440543,0.01083443,0.1896065,0.7935187
451,0.0006326024,0.00100244,0.004405071,0.01083257,0.1895723,0.793555
452,0.0006325721,0.001002564,0.004404732,0.01083057,0.1895353,0.7935942
453,0.0006325269,0.001002667,0.004404417,0.01082848,0.1894962,0.7936357
454,0.0006324677,0.001002748,0.004404137,0.01082636,0.189456,0.7936783
455,0.0006323968,0.001002804,0.004403903,0.01082426,0.1894158,0.7937208
456,0.0006323159,0.001002833,0.004403724,0.01082226,0.1893771,0.7937617
457,0.0006322262,0.001002834,0.004403597,0.01082038,0.1893403,0.7938006
458,0.0006321307,0.001002805,0.004403534,0.01081869,0.1893069,0.7938359
459,0.0006320321,0.001002749,0.004403536,0.01081725,0.1892777,0.7938668
460,0.0006319326,0.001002666,0.0044036,0.01081608,0.1892535,0.7938922
461,0.000631835,0.001002557,0.004403731,0.01081523,0.1892351,0.7939115
462,0.0006317422,0.001002425,0.004403923,0.01081472,0.1892231,0.793924
463,0.0006316567,0.001002274,0.004404174,0.01081457,0.189218,0.7939294
464,0.0006315806,0.001002106,0.004404475,0.01081478,0.1892198,0.7939273
465,0.0006315166,0.001001927,0.004404819,0.01081537,0.1892287,0.7939177
466,0.0006314666,0.001001742,0.0044052,0.01081631,0.1892447,0.7939006
467,0.0006314315,0.001001554,0.004405603,0.01081758,0.1892671,0.7938766
468,0.0006314135,0.00100137,0.004406026,0.01081917,0.1892958,0.7938462
469,0.0006314129,0.001001194,0.004406452,0.01082102,0.1893301,0.7938098
470,0.0006314304,0.001001033,0.004406874,0.0108231,0.189369,0.7937685
471,0.0006314649,0.001000888,0.004407272,0.01082534,0.1894115,0.7937235
472,0.0006315165,0.001000765,0.004407642,0.0108277,0.1894566,0.7936758
473,0.0006315841,0.00100067,0.004407974,0.0108301,0.1895032,0.7936265
474,0.0006316651,0.001000602,0.00440825,0.01083248,0.1895497,0.7935773
475,0.0006317591,0.001000566,0.004408474,0.01083478,0.1895953,0.7935291
476,0.0006318621,0.001000563,0.004408628,0.01083693,0.1896386,0.7934835
477,0.000631973,0.001000593,0.004408715,0.01083888,0.1896783,0.7934415
478,0.0006320881,0.001000657,0.004408727,0.01084056,0.1897134,0.7934046
479,0.0006322048,0.001000754,0.004408667,0.01084193,0.1897428,0.7933736
480,0.0006323191,0.00100088,0.00440853,0.01084294,0.1897657,0.7933496
481,0.0006324288,0.001001034,0.00440832,0.01084356,0.1897814,0.7933333
482,0.0006325305,0.001001211,0.004408045,0.01084376,0.1897892,0.7933252
483,0.0006326208,0.001001408,0.004407705,0.01084354,0.1897888,0.7933259
484,0.0006326978,0.001001619,0.004407314,0.01084289,0.1897803,0.7933352
485,0.0006327592,0.00100184,0.00440688,0.01084183,0.1897635,0.7933532
486,0.0006328021,0.001002063,0.004406412,0.01084037,0.1897389,0.7933795
487,0.0006328258,0.001002284,0.004405923,0.01083855,0.1897069,0.7934135
488,0.0006328293,0.001002497,0.004405429,0.01083642,0.1896685,0.7934544
489,0.0006328116,0.001002694,0.004404938,0.01083402,0.1896243,0.7935013
490,0.0006327733,0.001002872,0.004404466,0.01083142,0.1895755,0.793553
491,0.0006327151,0.001003025,0.004404027,0.01082868,0.1895235,0.793608
492,0.0006326376,0.001003147,0.004403632,0.01082588,0.1894694,0.7936653
493,0.0006325431,0.001003236,0.004403291,0.01082309,0.1894149,0.793723
494,0.000632434,0.001003289,0.004403017,0.0108204,0.1893613,0.7937796
495,0.0006323123,0.001003303,0.004402816,0.01081786,0.18931,0.7938337
496,0.0006321816,0.001003276,0.004402696,0.01081555,0.1892624,0.7938838
497,0.0006320452,0.001003211,0.004402663,0.01081355,0.1892201,0.7939284
498,0.0006319064,0.001003106,0.004402715,0.0108119,0.189184,0.7939664
499,0.000631769,0.001002964,0.004402854,0.01081066,0.1891553,0.7939964
500,0.0006316371,0.00100279,0.004403082,0.01080988,0.1891351,0.7940176
501,0.0006315138,0.001002586,0.004403387,0.01080958,0.1891237,0.7940292
502,0.0006314028,0.001002359,0.004403768,0.01080977,0.1891218,0.7940308
503,0.000631307,0.001002111,0.004404212,0.01081045,0.1891295,0.7940224
504,0.0006312298,0.001001852,0.004404712,0.01081164,0.1891469,0.7940037
505,0.0006311731,0.001001587,0.00440525,0.01081329,0.1891733,0.7939754
506,0.0006311388,0.001001324,0.004405817,0.01081537,0.1892086,0.7939378
507,0.0006311283,0.001001068,0.004406396,0.01081783,0.1892517,0.7938918
508,0.0006311423,0.001000828,0.004406972,0.01082061,0.1893016,0.7938388
509,0.0006311807,0.001000609,0.004407529,0.01082365,0.1893571,0.7937799
510,0.0006312429,0.001000419,0.004408053,0.01082687,0.1894169,0.7937164
511,0.0006313279,0.001000262,0.004408529,0.01083019,0.1894794,0.7936503
512,0.0006314332,0.001000142,0.004408941,0.0108335,0.1895428,0.7935831
513,0.0006315573,0.001000065,0.004409281,0.01083674,0.1896057,0.7935167
514,0.0006316964,0.001000032,0.004409536,0.0108398,0.1896663,0.7934526
515,0.0006318475,0.001000045,0.0044097,0.01084262,0.1897228,0.793393
516,0.0006320063,0.001000105,0.004409764,0.01084509,0.1897737,0.7933393
517,0.0006321693,0.00100021,0.004409727,0.01084716,0.1898177,0.793293
518,0.000632332,0.001000358,0.004409588,0.01084876,0.1898534,0.7932556
519,0.0006324899,0.001000547,0.00440935,0.01084983,0.1898796,0.7932282
520,0.0006326393,0.001000772,0.004409018,0.01085035,0.1898957,0.7932115
521,0.0006327756,0.001001027,0.004408598,0.01085029,0.1899009,0.7932063
522,0.0006328949,0.001001307,0.004408099,0.01084963,0.189895,0.7932131
523,0.0006329936,0.001001603,0.004407533,0.01084838,0.1898778,0.7932317
524,0.0006330697,0.001001909,0.00440692,0.01084659,0.1898499,0.7932616
525,0.0006331197,0.001002217,0.004406268,0.01084427,0.1898116,0.7933025
526,0.0006331422,0.001002517,0.004405596,0.01084148,0.1897639,0.7933533
527,0.0006331365,0.001002803,0.004404923,0.0108383,0.1897079,0.7934129
528,0.0006331023,0.001003067,0.004404269,0.01083479,0.1896451,0.7934797
529,0.0006330397,0.0010033,0.004403648,0.01083105,0.1895768,0.7935522
530,0.0006329499,0.001003496,0.004403077,0.01082718,0.189505,0.7936283
531,0.0006328356,0.001003651,0.004402576,0.01082327,0.1894315,0.7937062
532,0.0006326984,0.001003757,0.004402154,0.01081942,0.1893581,0.7937839
533,0.0006325422,0.001003813,0.004401827,0.01081574,0.1892869,0.7938592
534,0.0006323715,0.001003817,0.004401609,0.01081235,0.18922,0.7939299
535,0.0006321895,0.001003766,0.0044015,0.01080931,0.189159,0.7939942
536,0.0006320016,0.001003661,0.004401507,0.01080672,0.1891057,0.7940503
537,0.0006318126,0.001003506,0.004401634,0.01080467,0.1890617,0.7940966
538,0.0006316281,0.001003303,0.004401882,0.01080321,0.1890285,0.7941314
539,0.0006314522,0.001003058,0.004402241,0.01080238,0.1890069,0.7941539
540,0.0006312901,0.001002775,0.004402704,0.01080223,0.1889977,0.7941633
541,0.0006311464,0.001002462,0.004403261,0.01080275,0.1890014,0.7941589
542,0.0006310248,0.001002128,0.004403899,0.01080396,0.1890181,0.7941409
543,0.0006309295,0.001001781,0.004404601,0.01080583,0.1890475,0.7941093
544,0.0006308629,0.001001429,0.004405348,0.01080832,0.1890889,0.7940651
545,0.0006308274,0.001001083,0.004406125,0.01081137,0.1891417,0.7940089
546,0.0006308243,0.001000752,0.004406908,0.01081491,0.1892043,0.7939423
547,0.0006308538,0.001000445,0.004407673,0.01081885,0.1892753,0.7938669
548,0.0006309162,0.00100017,0.004408407,0.0108231,0.189353,0.7937843
549,0.0006310096,0.0009999356,0.004409083,0.01082754,0.1894354,0.7936971
