EwEVersion,"6.6.7.17812 (compiled 28/02/2022)"
Date,"26/02/2023 11:47:51 AM"
ModelName,CS_model_V1_110722
EcosimScenario,"New Ecosim scenario"
TimeSeries,(none)
StartYear,2020

Data,"Prey of Introduced species"

timestep\group,Zooplankton,"Planktotrophic Larvae",Phytoplankton,
1,0.09804129,0.01961013,0.8823486
2,0.09804085,0.01960901,0.8823501
3,0.09804012,0.0196092,0.8823507
4,0.098039,0.01960958,0.8823514
5,0.0980379,0.01961006,0.8823521
6,0.09803688,0.01961062,0.8823525
7,0.09803614,0.01961124,0.8823526
8,0.09803557,0.01961189,0.8823525
9,0.09803528,0.01961256,0.8823522
10,0.09803523,0.01961323,0.8823515
11,0.09803537,0.01961386,0.8823508
12,0.09803571,0.01961446,0.8823498
13,0.09803621,0.01961501,0.8823488
14,0.09803688,0.01961549,0.8823476
15,0.09803764,0.0196159,0.8823465
16,0.09803849,0.01961623,0.8823453
17,0.0980394,0.01961645,0.8823441
18,0.09804045,0.0196166,0.882343
19,0.09804155,0.01961665,0.8823418
20,0.09804271,0.01961661,0.8823407
21,0.09804394,0.01961649,0.8823396
22,0.09804524,0.01961627,0.8823385
23,0.09804664,0.01961598,0.8823373
24,0.09804805,0.01961561,0.8823363
25,0.09804954,0.01961518,0.8823353
26,0.0980511,0.01961469,0.8823342
27,0.0980527,0.01961414,0.8823332
28,0.0980543,0.01961355,0.8823321
29,0.09805593,0.01961292,0.8823311
30,0.0980576,0.01961227,0.8823301
31,0.09805926,0.0196116,0.8823292
32,0.09806093,0.01961094,0.8823282
33,0.09806255,0.01961026,0.8823272
34,0.09806409,0.01960961,0.8823263
35,0.09806557,0.01960897,0.8823255
36,0.09806701,0.01960836,0.8823246
37,0.09806831,0.01960778,0.8823239
38,0.0980695,0.01960725,0.8823232
39,0.09807055,0.01960676,0.8823227
40,0.09807145,0.01960633,0.8823223
41,0.09807216,0.01960595,0.8823219
42,0.09807268,0.01960564,0.8823217
43,0.09807299,0.0196054,0.8823216
44,0.0980731,0.01960522,0.8823217
45,0.09807298,0.01960512,0.8823219
46,0.09807263,0.01960509,0.8823223
47,0.09807206,0.01960514,0.8823228
48,0.09807129,0.01960525,0.8823234
49,0.09807031,0.01960545,0.8823243
50,0.09806909,0.01960571,0.8823252
51,0.09806772,0.01960604,0.8823262
52,0.09806616,0.01960644,0.8823274
53,0.09806443,0.0196069,0.8823287
54,0.0980626,0.0196074,0.88233
55,0.09806064,0.01960797,0.8823314
56,0.0980586,0.01960858,0.8823328
57,0.09805652,0.01960923,0.8823343
58,0.09805444,0.0196099,0.8823357
59,0.09805232,0.0196106,0.8823371
60,0.09805026,0.0196113,0.8823384
61,0.09804825,0.01961201,0.8823397
62,0.09804634,0.01961273,0.8823409
63,0.09804454,0.01961342,0.882342
64,0.09804289,0.0196141,0.882343
65,0.09804139,0.01961474,0.8823439
66,0.0980401,0.01961535,0.8823446
67,0.09803898,0.0196159,0.8823451
68,0.09803811,0.0196164,0.8823454
69,0.09803745,0.01961684,0.8823457
70,0.09803707,0.01961721,0.8823457
71,0.09803688,0.01961751,0.8823456
72,0.09803697,0.01961773,0.8823453
73,0.09803727,0.01961787,0.8823448
74,0.09803782,0.01961793,0.8823442
75,0.09803858,0.01961789,0.8823435
76,0.09803957,0.01961778,0.8823426
77,0.09804077,0.01961758,0.8823417
78,0.09804212,0.0196173,0.8823406
79,0.09804361,0.01961694,0.8823395
80,0.09804527,0.01961651,0.8823382
81,0.09804699,0.01961601,0.882337
82,0.09804883,0.01961545,0.8823357
83,0.09805074,0.01961484,0.8823344
84,0.09805265,0.01961417,0.8823332
85,0.09805456,0.01961348,0.882332
86,0.09805647,0.01961275,0.8823308
87,0.09805834,0.01961201,0.8823296
88,0.09806009,0.01961126,0.8823286
89,0.09806178,0.01961051,0.8823277
90,0.09806333,0.01960977,0.8823268
91,0.09806479,0.01960906,0.8823261
92,0.09806607,0.01960838,0.8823255
93,0.0980672,0.01960773,0.8823251
94,0.09806819,0.01960715,0.8823246
95,0.09806898,0.01960661,0.8823243
96,0.09806959,0.01960614,0.8823242
97,0.09807006,0.01960575,0.8823243
98,0.09807032,0.01960542,0.8823243
99,0.09807041,0.01960518,0.8823245
100,0.09807032,0.01960501,0.8823246
101,0.09807003,0.01960493,0.8823251
102,0.09806963,0.01960495,0.8823254
103,0.09806906,0.01960503,0.8823259
104,0.09806832,0.0196052,0.8823265
105,0.09806746,0.01960544,0.8823271
106,0.09806648,0.01960577,0.8823277
107,0.09806541,0.01960616,0.8823284
108,0.09806421,0.01960661,0.8823292
109,0.09806293,0.01960712,0.88233
110,0.09806158,0.01960768,0.8823307
111,0.09806017,0.01960827,0.8823316
112,0.09805871,0.01960891,0.8823324
113,0.09805724,0.01960957,0.8823332
114,0.09805574,0.01961025,0.882334
115,0.09805421,0.01961093,0.8823348
116,0.09805266,0.01961162,0.8823357
117,0.09805114,0.0196123,0.8823366
118,0.09804966,0.01961296,0.8823374
119,0.09804817,0.0196136,0.8823382
120,0.09804674,0.01961422,0.882339
121,0.09804536,0.0196148,0.8823398
122,0.09804402,0.01961534,0.8823406
123,0.09804278,0.01961583,0.8823414
124,0.0980416,0.01961628,0.8823422
125,0.09804051,0.01961667,0.8823428
126,0.09803948,0.019617,0.8823435
127,0.09803859,0.01961728,0.8823441
128,0.09803783,0.0196175,0.8823447
129,0.09803719,0.01961765,0.8823451
130,0.0980367,0.01961775,0.8823456
131,0.09803633,0.01961779,0.8823459
132,0.09803616,0.01961777,0.8823461
133,0.09803613,0.01961769,0.8823462
134,0.09803627,0.01961756,0.8823462
135,0.09803658,0.01961737,0.8823461
136,0.09803708,0.01961714,0.8823458
137,0.09803774,0.01961685,0.8823454
138,0.09803861,0.01961652,0.8823449
139,0.0980396,0.01961615,0.8823442
140,0.09804079,0.01961575,0.8823435
141,0.09804212,0.0196153,0.8823425
142,0.09804364,0.01961483,0.8823416
143,0.09804527,0.01961434,0.8823404
144,0.09804705,0.01961382,0.8823391
145,0.09804893,0.01961328,0.8823378
146,0.09805088,0.01961273,0.8823364
147,0.09805285,0.01961218,0.8823349
148,0.09805488,0.01961162,0.8823335
149,0.09805694,0.01961106,0.882332
150,0.09805894,0.01961051,0.8823306
151,0.09806091,0.01960997,0.8823292
152,0.09806276,0.01960945,0.8823278
153,0.09806453,0.01960895,0.8823265
154,0.09806616,0.01960848,0.8823254
155,0.0980676,0.01960804,0.8823244
156,0.09806884,0.01960763,0.8823235
157,0.09806989,0.01960728,0.8823228
158,0.0980707,0.01960696,0.8823224
159,0.09807122,0.0196067,0.8823221
160,0.09807153,0.0196065,0.882322
161,0.09807152,0.01960634,0.8823221
162,0.09807123,0.01960627,0.8823225
163,0.09807069,0.01960626,0.882323
164,0.09806982,0.01960631,0.8823239
165,0.09806872,0.01960644,0.8823249
166,0.09806732,0.01960663,0.8823261
167,0.09806571,0.0196069,0.8823274
168,0.09806385,0.01960723,0.8823289
169,0.09806184,0.01960764,0.8823305
170,0.09805962,0.0196081,0.8823323
171,0.09805731,0.01960863,0.8823341
172,0.09805486,0.0196092,0.8823359
173,0.09805238,0.01960984,0.8823378
174,0.09804987,0.01961051,0.8823397
175,0.0980474,0.01961121,0.8823414
176,0.09804499,0.01961194,0.8823431
177,0.09804268,0.01961269,0.8823447
178,0.09804047,0.01961344,0.8823461
179,0.09803845,0.0196142,0.8823473
180,0.09803665,0.01961494,0.8823484
181,0.09803507,0.01961566,0.8823493
182,0.09803371,0.01961633,0.88235
183,0.09803265,0.01961697,0.8823504
184,0.09803185,0.01961754,0.8823506
185,0.09803139,0.01961806,0.8823506
186,0.09803119,0.0196185,0.8823503
187,0.09803127,0.01961887,0.8823498
188,0.09803168,0.01961915,0.8823491
189,0.09803233,0.01961934,0.8823484
190,0.09803328,0.01961943,0.8823473
191,0.09803443,0.01961942,0.8823461
192,0.09803582,0.01961932,0.8823448
193,0.09803739,0.01961912,0.8823435
194,0.09803913,0.01961882,0.882342
195,0.09804098,0.01961844,0.8823406
196,0.09804294,0.01961797,0.8823391
197,0.09804494,0.01961741,0.8823376
198,0.09804694,0.01961678,0.8823363
199,0.09804895,0.01961611,0.8823349
200,0.09805089,0.01961537,0.8823338
201,0.09805278,0.01961459,0.8823326
202,0.09805457,0.01961379,0.8823317
203,0.09805622,0.01961297,0.8823308
204,0.09805774,0.01961215,0.8823301
205,0.09805908,0.01961133,0.8823296
206,0.09806029,0.01961054,0.8823292
207,0.09806128,0.01960979,0.8823289
208,0.0980621,0.01960908,0.8823288
209,0.09806269,0.01960842,0.8823289
210,0.09806312,0.01960783,0.882329
211,0.09806336,0.01960731,0.8823293
212,0.09806342,0.01960687,0.8823297
213,0.09806335,0.01960652,0.8823301
214,0.0980631,0.01960626,0.8823307
215,0.09806275,0.01960609,0.8823311
216,0.09806228,0.01960601,0.8823317
217,0.09806174,0.01960602,0.8823322
218,0.09806113,0.01960613,0.8823327
219,0.09806045,0.01960632,0.8823333
220,0.09805975,0.01960659,0.8823336
221,0.09805903,0.01960693,0.8823339
222,0.09805828,0.01960735,0.8823344
223,0.09805758,0.01960782,0.8823346
224,0.09805686,0.01960835,0.8823348
225,0.09805614,0.01960891,0.8823349
226,0.09805545,0.01960949,0.8823351
227,0.09805479,0.01961011,0.8823351
228,0.0980541,0.01961073,0.8823352
229,0.09805343,0.01961135,0.8823352
230,0.09805279,0.01961196,0.8823352
231,0.09805212,0.01961256,0.8823353
232,0.09805147,0.01961314,0.8823354
233,0.09805079,0.01961368,0.8823355
234,0.09805007,0.01961419,0.8823358
235,0.09804931,0.01961465,0.8823361
236,0.09804856,0.01961507,0.8823364
237,0.09804775,0.01961545,0.8823369
238,0.09804688,0.01961577,0.8823373
239,0.09804598,0.01961605,0.882338
240,0.09804499,0.01961627,0.8823387
241,0.09804399,0.01961645,0.8823395
242,0.09804297,0.01961659,0.8823404
243,0.09804193,0.01961668,0.8823414
244,0.09804086,0.01961673,0.8823424
245,0.09803986,0.01961674,0.8823434
246,0.09803884,0.01961672,0.8823445
247,0.09803792,0.01961667,0.8823454
248,0.09803709,0.01961659,0.8823463
249,0.09803631,0.01961648,0.8823472
250,0.0980357,0.01961636,0.8823479
251,0.09803525,0.01961621,0.8823485
252,0.09803498,0.01961605,0.882349
253,0.09803491,0.01961587,0.8823493
254,0.09803504,0.01961568,0.8823493
255,0.09803546,0.01961547,0.8823491
256,0.09803607,0.01961525,0.8823487
257,0.09803696,0.01961502,0.8823481
258,0.09803814,0.01961476,0.8823471
259,0.09803953,0.01961449,0.882346
260,0.09804118,0.01961421,0.8823446
261,0.09804304,0.01961391,0.8823431
262,0.09804511,0.01961358,0.8823413
263,0.09804734,0.01961324,0.8823394
264,0.09804974,0.01961287,0.8823374
265,0.09805226,0.01961249,0.8823352
266,0.09805485,0.01961208,0.882333
267,0.09805744,0.01961166,0.8823309
268,0.09806001,0.01961122,0.8823289
269,0.09806248,0.01961077,0.8823268
270,0.09806487,0.01961032,0.8823248
271,0.09806705,0.01960985,0.8823231
272,0.098069,0.01960939,0.8823216
273,0.09807069,0.01960895,0.8823203
274,0.0980721,0.01960852,0.8823194
275,0.09807316,0.01960811,0.8823187
276,0.09807384,0.01960773,0.8823186
277,0.09807416,0.0196074,0.8823184
278,0.09807403,0.01960711,0.8823189
279,0.09807349,0.01960688,0.8823196
280,0.09807252,0.01960672,0.8823207
281,0.09807119,0.01960663,0.8823222
282,0.09806946,0.01960662,0.8823239
283,0.09806738,0.01960669,0.8823259
284,0.09806498,0.01960685,0.8823282
285,0.09806228,0.0196071,0.8823306
286,0.09805936,0.01960745,0.8823332
287,0.09805623,0.01960787,0.8823359
288,0.09805301,0.01960839,0.8823386
289,0.09804972,0.01960899,0.8823413
290,0.09804644,0.01960967,0.8823439
291,0.09804322,0.01961041,0.8823464
292,0.09804009,0.01961122,0.8823487
293,0.09803719,0.01961207,0.8823507
294,0.09803452,0.01961295,0.8823526
295,0.09803212,0.01961385,0.882354
296,0.09803011,0.01961476,0.8823552
297,0.09802844,0.01961565,0.8823559
298,0.09802721,0.01961652,0.8823563
299,0.0980264,0.01961734,0.8823563
300,0.09802604,0.0196181,0.8823559
301,0.09802613,0.01961879,0.882355
302,0.09802667,0.01961939,0.882354
303,0.09802768,0.0196199,0.8823525
304,0.09802905,0.01962028,0.8823507
305,0.09803076,0.01962054,0.8823487
306,0.09803281,0.01962068,0.8823466
307,0.09803508,0.01962068,0.8823442
308,0.09803762,0.01962055,0.8823418
309,0.09804031,0.01962029,0.8823394
310,0.0980431,0.01961989,0.882337
311,0.09804591,0.01961937,0.8823347
312,0.09804872,0.01961873,0.8823326
313,0.09805141,0.01961799,0.8823306
314,0.09805395,0.01961715,0.8823289
315,0.09805636,0.01961625,0.8823274
316,0.09805851,0.01961527,0.8823262
317,0.09806033,0.01961426,0.8823254
318,0.09806189,0.01961322,0.8823249
319,0.09806309,0.01961217,0.8823248
320,0.09806395,0.01961115,0.8823249
321,0.09806446,0.01961016,0.8823254
322,0.09806464,0.01960921,0.8823262
323,0.09806446,0.01960834,0.8823272
324,0.09806399,0.01960756,0.8823285
325,0.09806325,0.01960688,0.8823299
326,0.09806223,0.0196063,0.8823314
327,0.09806103,0.01960584,0.8823332
328,0.09805969,0.01960552,0.8823348
329,0.09805822,0.01960532,0.8823365
330,0.0980567,0.01960525,0.882338
331,0.09805518,0.01960532,0.8823395
332,0.09805369,0.01960551,0.8823408
333,0.09805232,0.01960582,0.8823419
334,0.09805108,0.01960624,0.8823426
335,0.09805003,0.01960676,0.8823432
336,0.09804917,0.01960736,0.8823435
337,0.09804853,0.01960803,0.8823434
338,0.09804815,0.01960875,0.8823431
339,0.09804801,0.01960952,0.8823425
340,0.09804814,0.0196103,0.8823416
341,0.09804848,0.01961108,0.8823405
342,0.09804899,0.01961185,0.8823392
343,0.09804971,0.01961259,0.8823377
344,0.09805059,0.01961328,0.8823361
345,0.09805154,0.01961392,0.8823345
346,0.09805255,0.01961448,0.8823329
347,0.09805361,0.01961497,0.8823314
348,0.0980546,0.01961537,0.8823301
349,0.0980555,0.01961569,0.8823288
350,0.09805626,0.01961593,0.8823279
351,0.09805684,0.01961607,0.8823271
352,0.09805716,0.01961612,0.8823267
353,0.09805725,0.0196161,0.8823267
354,0.09805702,0.01961601,0.882327
355,0.09805649,0.01961586,0.8823277
356,0.09805564,0.01961566,0.8823287
357,0.09805445,0.01961542,0.8823301
358,0.09805296,0.01961515,0.8823318
359,0.09805121,0.01961487,0.8823339
360,0.09804917,0.01961459,0.8823362
361,0.09804694,0.01961432,0.8823387
362,0.09804454,0.01961408,0.8823414
363,0.09804201,0.01961386,0.8823441
364,0.09803946,0.01961369,0.8823468
365,0.09803694,0.01961357,0.8823495
366,0.09803449,0.0196135,0.8823521
367,0.09803221,0.01961348,0.8823543
368,0.09803018,0.01961351,0.8823563
369,0.0980285,0.01961359,0.8823578
370,0.09802718,0.01961372,0.8823591
371,0.09802628,0.01961389,0.8823599
372,0.09802587,0.01961409,0.88236
373,0.09802596,0.01961431,0.8823597
374,0.09802662,0.01961454,0.8823589
375,0.09802782,0.01961476,0.8823574
376,0.09802958,0.01961496,0.8823554
377,0.09803189,0.01961512,0.8823529
378,0.09803472,0.01961525,0.88235
379,0.09803801,0.01961532,0.8823467
380,0.09804165,0.01961531,0.882343
381,0.09804569,0.01961522,0.8823391
382,0.09804995,0.01961505,0.8823349
383,0.0980544,0.01961479,0.8823308
384,0.09805892,0.01961444,0.8823266
385,0.09806338,0.01961399,0.8823226
386,0.09806772,0.01961345,0.8823188
387,0.09807181,0.01961283,0.8823153
388,0.09807555,0.01961214,0.8823123
389,0.09807884,0.01961138,0.8823097
390,0.09808163,0.01961058,0.8823078
391,0.0980838,0.01960975,0.8823065
392,0.09808531,0.01960891,0.8823057
393,0.09808615,0.01960808,0.8823057
394,0.09808619,0.01960729,0.8823065
395,0.09808546,0.01960654,0.8823079
396,0.098084,0.01960588,0.8823101
397,0.0980818,0.01960531,0.8823129
398,0.09807885,0.01960485,0.8823163
399,0.09807529,0.01960453,0.8823202
400,0.09807111,0.01960436,0.8823246
401,0.09806647,0.01960434,0.8823292
402,0.09806142,0.0196045,0.8823341
403,0.09805603,0.01960483,0.8823392
404,0.09805052,0.01960533,0.8823442
405,0.098045,0.01960601,0.882349
406,0.09803954,0.01960684,0.8823536
407,0.09803423,0.01960782,0.882358
408,0.09802929,0.01960894,0.8823617
409,0.09802477,0.01961018,0.882365
410,0.09802081,0.0196115,0.8823677
411,0.0980175,0.0196129,0.8823696
412,0.09801493,0.01961433,0.8823708
413,0.09801315,0.01961577,0.8823711
414,0.0980122,0.01961719,0.8823706
415,0.0980121,0.01961854,0.8823694
416,0.09801281,0.01961982,0.8823674
417,0.09801438,0.01962098,0.8823646
418,0.09801674,0.01962199,0.8823613
419,0.09801981,0.01962283,0.8823573
420,0.09802352,0.01962349,0.882353
421,0.09802783,0.01962394,0.8823482
422,0.09803259,0.01962416,0.8823432
423,0.09803768,0.01962415,0.8823382
424,0.09804299,0.01962391,0.8823332
425,0.09804837,0.01962343,0.8823282
426,0.09805366,0.01962274,0.8823236
427,0.09805879,0.01962183,0.8823195
428,0.09806354,0.01962072,0.8823157
429,0.0980679,0.01961944,0.8823127
430,0.09807169,0.01961802,0.8823103
431,0.09807485,0.01961649,0.8823087
432,0.0980773,0.01961487,0.8823078
433,0.09807899,0.01961321,0.8823078
434,0.09807979,0.01961154,0.8823087
435,0.09807984,0.0196099,0.8823103
436,0.09807906,0.01960832,0.8823126
437,0.09807748,0.01960685,0.8823157
438,0.09807516,0.01960551,0.8823193
439,0.09807221,0.01960433,0.8823234
440,0.09806869,0.01960335,0.882328
441,0.09806471,0.01960257,0.8823327
442,0.09806035,0.01960202,0.8823376
443,0.09805579,0.01960171,0.8823425
444,0.09805114,0.01960165,0.8823472
445,0.09804653,0.01960183,0.8823516
446,0.09804216,0.01960225,0.8823556
447,0.09803811,0.01960289,0.882359
448,0.09803443,0.01960374,0.8823618
449,0.09803139,0.01960477,0.8823639
450,0.09802897,0.01960596,0.882365
451,0.09802727,0.01960727,0.8823655
452,0.09802634,0.01960868,0.882365
453,0.09802623,0.01961014,0.8823637
454,0.09802697,0.01961162,0.8823614
455,0.09802856,0.01961307,0.8823584
456,0.09803087,0.01961447,0.8823546
457,0.09803391,0.01961578,0.8823503
458,0.09803756,0.01961696,0.8823455
459,0.09804174,0.01961799,0.8823403
460,0.09804633,0.01961883,0.8823348
461,0.09805118,0.01961949,0.8823293
462,0.09805609,0.01961992,0.882324
463,0.09806103,0.01962013,0.8823188
464,0.09806574,0.01962012,0.8823141
465,0.09807011,0.0196199,0.88231
466,0.09807398,0.01961947,0.8823065
467,0.09807728,0.01961885,0.8823039
468,0.09807978,0.01961805,0.8823022
469,0.09808145,0.01961711,0.8823014
470,0.09808226,0.01961607,0.8823017
471,0.09808204,0.01961494,0.882303
472,0.09808086,0.01961378,0.8823054
473,0.09807866,0.0196126,0.8823087
474,0.09807552,0.01961146,0.882313
475,0.09807146,0.01961038,0.8823182
476,0.09806658,0.01960941,0.882324
477,0.09806101,0.01960858,0.8823304
478,0.09805487,0.01960791,0.8823372
479,0.09804829,0.01960743,0.8823442
480,0.09804145,0.01960714,0.8823514
481,0.09803449,0.01960708,0.8823584
482,0.09802768,0.01960723,0.8823651
483,0.09802116,0.01960761,0.8823712
484,0.09801512,0.01960819,0.8823767
485,0.09800979,0.01960897,0.8823813
486,0.09800526,0.01960993,0.8823848
487,0.0980017,0.01961103,0.8823873
488,0.0979993,0.01961225,0.8823884
489,0.09799805,0.01961355,0.8823884
490,0.09799814,0.01961489,0.882387
491,0.09799951,0.01961623,0.8823842
492,0.09800225,0.01961752,0.8823802
493,0.09800624,0.01961872,0.882375
494,0.09801152,0.01961981,0.8823687
495,0.09801791,0.01962071,0.8823614
496,0.09802528,0.01962142,0.8823533
497,0.09803347,0.0196219,0.8823446
498,0.09804232,0.01962211,0.8823355
499,0.09805161,0.01962206,0.8823263
500,0.09806111,0.01962172,0.8823172
501,0.09807058,0.0196211,0.8823084
502,0.09807977,0.01962019,0.8823
503,0.09808844,0.01961902,0.8822926
504,0.0980964,0.0196176,0.882286
505,0.09810339,0.01961597,0.8822806
506,0.09810926,0.01961417,0.8822766
507,0.09811383,0.01961222,0.882274
508,0.0981169,0.01961019,0.8822729
509,0.09811841,0.01960813,0.8822734
510,0.09811834,0.01960608,0.8822756
511,0.09811658,0.01960411,0.8822793
512,0.09811321,0.01960227,0.8822845
513,0.09810827,0.0196006,0.8822911
514,0.09810188,0.01959918,0.8822989
515,0.09809412,0.01959802,0.8823078
516,0.09808518,0.01959718,0.8823177
517,0.0980753,0.01959669,0.882328
518,0.09806467,0.01959658,0.8823387
519,0.09805358,0.01959684,0.8823496
520,0.09804229,0.01959751,0.8823602
521,0.09803104,0.01959855,0.8823704
522,0.09802014,0.01959997,0.8823799
523,0.09800989,0.01960174,0.8823884
524,0.09800054,0.01960382,0.8823957
525,0.09799237,0.01960617,0.8824015
526,0.09798548,0.01960873,0.8824058
527,0.09798022,0.01961146,0.8824083
528,0.09797663,0.01961428,0.8824091
529,0.09797484,0.01961714,0.882408
530,0.09797493,0.01961995,0.8824052
531,0.09797689,0.01962266,0.8824005
532,0.09798073,0.01962519,0.8823941
533,0.0979863,0.01962746,0.8823863
534,0.09799351,0.01962944,0.882377
535,0.09800217,0.01963106,0.8823668
536,0.09801208,0.01963227,0.8823557
537,0.09802296,0.01963304,0.882344
538,0.09803454,0.01963334,0.8823321
539,0.0980465,0.01963315,0.8823203
540,0.09805857,0.01963249,0.8823089
541,0.09807041,0.01963134,0.8822983
542,0.09808169,0.01962974,0.8822887
543,0.09809214,0.01962772,0.8822801
544,0.09810147,0.01962533,0.8822733
545,0.09810942,0.01962261,0.882268
546,0.09811575,0.01961964,0.8822646
547,0.09812029,0.01961647,0.8822632
548,0.09812301,0.0196132,0.8822638
549,0.0981237,0.0196099,0.8822664
550,0.0981224,0.01960665,0.882271
551,0.09811911,0.01960353,0.8822774
552,0.09811389,0.01960063,0.8822855
553,0.09810693,0.019598,0.8822951
554,0.09809836,0.01959573,0.8823059
555,0.09808841,0.01959388,0.8823177
556,0.09807731,0.01959247,0.8823302
557,0.09806544,0.01959157,0.8823429
558,0.09805303,0.01959119,0.8823558
559,0.09804048,0.01959134,0.8823682
560,0.09802809,0.01959203,0.8823799
561,0.09801624,0.01959323,0.8823906
562,0.09800526,0.01959492,0.8823999
563,0.09799548,0.01959705,0.8824075
564,0.09798717,0.01959958,0.8824133
565,0.09798062,0.01960243,0.8824169
566,0.09797601,0.01960554,0.8824185
567,0.0979735,0.01960882,0.8824177
568,0.09797323,0.01961219,0.8824145
569,0.09797522,0.01961556,0.8824093
570,0.0979794,0.01961883,0.8824018
571,0.09798571,0.01962193,0.8823923
572,0.09799402,0.01962476,0.8823812
573,0.09800416,0.01962725,0.8823686
574,0.09801579,0.01962932,0.8823549
575,0.09802866,0.01963094,0.8823404
576,0.09804242,0.01963203,0.8823256
577,0.09805665,0.01963258,0.8823108
578,0.09807096,0.01963257,0.8822964
579,0.09808499,0.01963199,0.882283
580,0.09809829,0.01963086,0.8822708
581,0.09811049,0.01962921,0.8822603
582,0.09812125,0.01962707,0.8822517
583,0.09813021,0.01962452,0.8822453
584,0.09813708,0.01962162,0.8822413
585,0.09814163,0.01961844,0.8822399
586,0.09814375,0.01961508,0.8822412
587,0.09814329,0.01961164,0.8822451
588,0.09814019,0.0196082,0.8822516
589,0.0981345,0.01960487,0.8822606
590,0.09812637,0.01960174,0.8822719
591,0.0981159,0.01959891,0.8822852
592,0.09810332,0.01959645,0.8823002
593,0.09808896,0.01959445,0.8823166
594,0.09807315,0.01959297,0.8823339
595,0.0980563,0.01959206,0.8823516
596,0.09803883,0.01959174,0.8823695
597,0.09802116,0.01959205,0.8823868
598,0.09800381,0.01959298,0.8824033
599,0.09798721,0.01959451,0.8824183
600,0.09797194,0.01959663,0.8824314
601,0.09795828,0.01959926,0.8824425
602,0.09794676,0.01960235,0.8824509
603,0.09793769,0.01960583,0.8824565
604,0.09793135,0.01960958,0.8824591
605,0.09792802,0.01961352,0.8824584
606,0.09792788,0.01961755,0.8824546
607,0.09793099,0.01962154,0.8824475
608,0.09793733,0.01962538,0.8824373
609,0.09794676,0.01962896,0.8824242
610,0.09795916,0.01963217,0.8824087
611,0.09797424,0.01963491,0.8823909
612,0.09799162,0.01963709,0.8823712
613,0.09801089,0.01963864,0.8823504
614,0.09803163,0.01963949,0.8823289
615,0.09805322,0.01963962,0.8823072
616,0.09807518,0.01963899,0.8822859
617,0.0980969,0.0196376,0.8822655
618,0.09811779,0.01963547,0.8822467
619,0.09813732,0.01963266,0.88223
620,0.09815492,0.01962921,0.8822159
621,0.09817012,0.01962521,0.8822047
622,0.09818251,0.01962074,0.8821968
623,0.09819169,0.01961593,0.8821924
624,0.09819746,0.0196109,0.8821917
625,0.09819951,0.01960577,0.8821947
626,0.09819774,0.01960068,0.8822016
627,0.09819222,0.01959577,0.882212
628,0.09818298,0.01959118,0.8822258
629,0.09817027,0.01958703,0.8822427
630,0.09815427,0.01958343,0.8822623
631,0.0981354,0.01958051,0.8822841
632,0.09811407,0.01957836,0.8823076
633,0.09809079,0.01957703,0.8823322
634,0.09806613,0.01957659,0.8823573
635,0.09804075,0.01957708,0.8823822
636,0.09801524,0.01957848,0.8824063
637,0.09799027,0.0195808,0.8824289
638,0.09796652,0.01958399,0.8824495
639,0.09794462,0.01958798,0.8824674
640,0.0979251,0.01959268,0.8824822
641,0.09790869,0.01959801,0.8824933
642,0.0978957,0.01960381,0.8825005
643,0.0978866,0.01960996,0.8825034
644,0.09788173,0.01961631,0.882502
645,0.09788118,0.01962268,0.8824961
646,0.09788514,0.01962892,0.8824859
647,0.09789351,0.01963486,0.8824716
648,0.09790611,0.01964035,0.8824536
649,0.09792268,0.01964521,0.8824321
650,0.09794283,0.01964933,0.8824078
651,0.09796602,0.01965258,0.8823814
652,0.09799169,0.01965487,0.8823535
653,0.09801911,0.0196561,0.8823248
654,0.09804762,0.01965625,0.8822961
655,0.09807646,0.01965528,0.8822682
656,0.09810478,0.01965321,0.882242
657,0.0981319,0.01965008,0.882218
658,0.09815703,0.01964594,0.882197
659,0.09817948,0.0196409,0.8821796
660,0.09819866,0.01963508,0.8821663
661,0.09821401,0.01962862,0.8821574
662,0.09822511,0.01962167,0.8821532
663,0.09823162,0.01961442,0.8821539
664,0.09823333,0.01960705,0.8821597
665,0.09823017,0.01959975,0.8821701
666,0.09822214,0.0195927,0.8821851
667,0.09820941,0.01958611,0.8822045
668,0.09819228,0.01958013,0.8822276
669,0.09817113,0.01957493,0.8822539
670,0.09814648,0.01957066,0.8822829
671,0.0981189,0.01956744,0.8823137
672,0.09808911,0.01956535,0.8823455
673,0.09805787,0.01956448,0.8823777
674,0.09802598,0.01956485,0.8824092
675,0.09799432,0.01956647,0.8824393
676,0.09796372,0.01956931,0.882467
677,0.09793506,0.0195733,0.8824916
678,0.09790912,0.01957836,0.8825126
679,0.09788672,0.01958437,0.882529
680,0.09786844,0.01959117,0.8825404
681,0.09785496,0.01959861,0.8825464
682,0.09784675,0.01960647,0.8825467
683,0.09784411,0.01961458,0.8825413
684,0.0978472,0.01962269,0.8825301
685,0.0978561,0.01963061,0.8825133
686,0.09787055,0.0196381,0.8824914
687,0.09789033,0.01964497,0.8824646
688,0.09791499,0.01965101,0.882434
689,0.09794379,0.01965606,0.8824002
690,0.09797607,0.01965996,0.8823639
691,0.09801096,0.01966259,0.8823264
692,0.09804749,0.01966387,0.8822885
693,0.09808473,0.01966374,0.8822515
694,0.09812154,0.0196622,0.8822163
695,0.098157,0.01965927,0.8821837
696,0.09819007,0.019655,0.8821549
697,0.09821983,0.01964952,0.8821307
698,0.09824539,0.01964296,0.8821117
699,0.09826607,0.01963547,0.8820985
700,0.09828123,0.01962727,0.8820915
701,0.09829038,0.01961856,0.8820911
702,0.09829324,0.01960959,0.8820972
703,0.09828962,0.01960059,0.8821098
704,0.09827952,0.01959181,0.8821287
705,0.09826313,0.01958349,0.8821533
706,0.09824074,0.01957586,0.8821834
707,0.09821289,0.01956915,0.8822179
708,0.09818015,0.01956355,0.8822563
709,0.0981433,0.01955922,0.8822975
710,0.09810323,0.0195563,0.8823404
711,0.09806091,0.01955489,0.8823842
712,0.09801742,0.01955505,0.8824275
713,0.0979739,0.01955682,0.8824693
714,0.09793145,0.01956015,0.8825085
715,0.09789128,0.019565,0.8825437
716,0.0978545,0.01957124,0.8825743
717,0.09782218,0.01957875,0.8825991
718,0.09779532,0.01958735,0.8826175
719,0.09777474,0.01959679,0.8826284
720,0.09776121,0.01960687,0.882632
721,0.09775527,0.01961731,0.8826274
722,0.09775718,0.01962782,0.882615
723,0.09776715,0.01963813,0.8825947
724,0.09778506,0.01964794,0.882567
725,0.09781051,0.01965697,0.8825325
726,0.09784297,0.01966495,0.8824921
727,0.09788169,0.01967166,0.8824466
728,0.09792566,0.01967686,0.8823975
729,0.09797376,0.01968039,0.8823459
730,0.09802473,0.01968212,0.8822932
731,0.09807719,0.01968196,0.8822408
732,0.09812971,0.0196799,0.8821904
733,0.09818087,0.01967593,0.8821432
734,0.09822931,0.01967015,0.8821006
735,0.09827366,0.01966268,0.8820637
736,0.09831275,0.01965369,0.8820336
737,0.09834547,0.01964341,0.8820111
738,0.09837088,0.01963209,0.881997
739,0.09838837,0.01962003,0.8819916
740,0.09839728,0.01960753,0.8819952
741,0.09839739,0.01959492,0.8820077
742,0.09838852,0.01958253,0.8820289
743,0.09837092,0.01957071,0.8820584
744,0.09834479,0.01955978,0.8820955
745,0.09831073,0.01955003,0.8821393
746,0.09826947,0.01954174,0.8821888
747,0.09822193,0.01953516,0.8822429
748,0.09816924,0.01953048,0.8823003
749,0.0981126,0.01952787,0.8823595
750,0.09805341,0.01952742,0.8824192
751,0.09799319,0.01952921,0.8824776
752,0.0979334,0.01953319,0.8825334
753,0.09787565,0.01953932,0.882585
754,0.09782154,0.01954747,0.882631
755,0.09777258,0.0195575,0.8826699
756,0.09773018,0.01956915,0.8827007
757,0.09769563,0.01958215,0.8827222
758,0.09767006,0.01959619,0.8827338
759,0.09765442,0.01961091,0.8827347
760,0.09764931,0.01962595,0.8827248
761,0.0976551,0.01964091,0.882704
762,0.09767179,0.01965537,0.8826728
763,0.09769917,0.01966896,0.8826319
764,0.09773664,0.01968129,0.8825821
765,0.09778327,0.01969199,0.8825247
766,0.09783785,0.01970076,0.8824614
767,0.09789897,0.01970731,0.8823938
768,0.09796498,0.01971144,0.8823236
769,0.09803408,0.019713,0.8822529
770,0.09810437,0.0197119,0.8821837
771,0.09817386,0.01970813,0.8821179
772,0.0982407,0.01970177,0.8820575
773,0.09830306,0.01969294,0.882004
774,0.09835918,0.01968184,0.881959
775,0.09840762,0.01966877,0.8819236
776,0.09844701,0.01965403,0.8818989
777,0.09847634,0.019638,0.8818856
778,0.09849476,0.0196211,0.8818841
779,0.09850181,0.01960377,0.8818944
780,0.09849709,0.01958645,0.8819165
781,0.09848075,0.01956961,0.8819497
782,0.09845304,0.01955369,0.8819933
783,0.0984145,0.01953911,0.8820463
784,0.09836597,0.01952628,0.8821077
785,0.09830858,0.01951554,0.8821759
786,0.09824357,0.01950721,0.8822492
787,0.09817249,0.01950152,0.882326
788,0.09809695,0.01949866,0.8824044
789,0.09801891,0.01949873,0.8824823
790,0.09794032,0.01950179,0.8825579
791,0.09786323,0.01950779,0.8826289
792,0.09778975,0.01951662,0.8826936
793,0.0977219,0.0195281,0.88275
794,0.09766171,0.01954197,0.8827963
795,0.09761109,0.0195579,0.882831
796,0.09757161,0.01957549,0.8828529
797,0.0975447,0.01959433,0.882861
798,0.09753148,0.01961392,0.8828546
799,0.09753262,0.01963374,0.8828336
800,0.09754845,0.01965327,0.8827983
801,0.09757878,0.01967196,0.8827493
802,0.09762308,0.0196893,0.8826876
803,0.09768027,0.01970478,0.882615
804,0.0977489,0.01971794,0.8825331
805,0.09782713,0.01972838,0.8824445
806,0.09791283,0.01973576,0.8823514
807,0.0980036,0.01973984,0.8822566
808,0.09809692,0.01974046,0.8821626
809,0.09819006,0.01973753,0.8820724
810,0.09828048,0.01973112,0.8819884
811,0.09836567,0.01972135,0.881913
812,0.09844324,0.01970845,0.8818484
813,0.09851111,0.01969274,0.8817961
814,0.0985675,0.01967462,0.8817579
815,0.09861081,0.01965456,0.8817346
816,0.09863996,0.01963311,0.8817269
817,0.09865414,0.0196108,0.8817351
818,0.0986529,0.01958825,0.8817589
819,0.09863614,0.01956606,0.8817978
820,0.09860417,0.01954481,0.881851
821,0.09855759,0.01952508,0.8819173
822,0.09849734,0.01950743,0.8819952
823,0.09842464,0.01949232,0.882083
824,0.09834112,0.0194802,0.8821787
825,0.09824859,0.01947142,0.88228
826,0.09814918,0.01946625,0.8823845
827,0.0980452,0.01946489,0.8824899
828,0.09793916,0.01946742,0.8825934
829,0.09783376,0.01947386,0.8826924
830,0.09773173,0.01948409,0.8827842
831,0.09763598,0.01949793,0.8828661
832,0.09754919,0.01951506,0.8829358
833,0.09747413,0.01953512,0.8829907
834,0.09741312,0.01955762,0.8830292
835,0.09736834,0.01958202,0.8830497
836,0.09734159,0.01960769,0.8830507
837,0.09733415,0.01963397,0.8830318
838,0.09734669,0.01966015,0.8829932
839,0.09737945,0.01968552,0.882935
840,0.09743191,0.01970935,0.8828588
841,0.09750295,0.01973096,0.8827661
842,0.09759083,0.01974969,0.8826595
843,0.09769318,0.01976495,0.8825418
844,0.09780717,0.01977626,0.8824165
845,0.09792962,0.01978322,0.8822871
846,0.09805702,0.01978556,0.8821574
847,0.09818567,0.01978313,0.8820312
848,0.098312,0.01977593,0.8819121
849,0.09843245,0.01976409,0.8818035
850,0.09854373,0.01974788,0.8817084
851,0.09864287,0.01972769,0.8816295
852,0.09872732,0.01970402,0.8815687
853,0.09879491,0.0196775,0.8815276
854,0.09884398,0.01964881,0.8815072
855,0.09887336,0.01961869,0.881508
856,0.09888224,0.01958795,0.8815298
857,0.09887046,0.01955738,0.8815721
858,0.09883815,0.01952782,0.881634
859,0.0987859,0.01950002,0.881714
860,0.09871483,0.01947475,0.8818104
861,0.09862628,0.01945268,0.8819211
862,0.09852204,0.01943441,0.8820435
863,0.09840432,0.01942047,0.8821752
864,0.09827562,0.01941126,0.8823131
865,0.09813877,0.0194071,0.8824541
866,0.09799699,0.01940817,0.8825948
867,0.09785362,0.01941453,0.8827319
868,0.09771232,0.01942612,0.8828616
869,0.09757686,0.01944273,0.8829804
870,0.09745106,0.01946404,0.8830849
871,0.09733865,0.01948961,0.8831717
872,0.09724316,0.01951885,0.883238
873,0.09716789,0.01955109,0.8832811
874,0.09711565,0.01958554,0.8832988
875,0.09708877,0.01962134,0.8832899
876,0.09708874,0.01965755,0.8832537
877,0.09711636,0.01969321,0.8831905
878,0.09717152,0.01972733,0.8831012
879,0.0972532,0.01975892,0.8829879
880,0.09735941,0.01978706,0.8828535
881,0.09748733,0.0198109,0.8827018
882,0.09763335,0.01982966,0.8825369
883,0.09779317,0.01984275,0.8823641
884,0.09796204,0.01984967,0.8821883
885,0.09813491,0.01985015,0.882015
886,0.09830677,0.01984406,0.8818492
887,0.09847267,0.0198315,0.8816959
888,0.09862795,0.01981274,0.8815593
889,0.09876855,0.01978825,0.8814431
890,0.0988908,0.01975864,0.8813506
891,0.09899169,0.01972468,0.8812836
892,0.09906898,0.01968728,0.8812437
893,0.09912094,0.01964741,0.8812317
894,0.09914649,0.01960613,0.8812474
895,0.09914519,0.01956453,0.8812903
896,0.09911703,0.01952367,0.8813593
897,0.09906273,0.01948466,0.8814526
898,0.09898318,0.01944849,0.8815683
899,0.09888002,0.0194161,0.8817039
900,0.09875522,0.01938836,0.8818564
901,0.09861109,0.01936601,0.8820229
902,0.09845065,0.01934967,0.8821997
903,0.09827711,0.0193398,0.882383
904,0.09809428,0.01933675,0.882569
905,0.09790631,0.0193407,0.882753
906,0.09771775,0.01935166,0.8829306
907,0.09753343,0.01936948,0.8830971
908,0.09735839,0.01939383,0.8832477
909,0.09719777,0.01942424,0.883378
910,0.09705657,0.01946004,0.8834834
911,0.0969396,0.01950043,0.8835599
912,0.09685127,0.01954447,0.8836043
913,0.09679526,0.01959107,0.8836137
914,0.09677453,0.01963905,0.8835864
915,0.09679088,0.01968712,0.883522
916,0.09684505,0.01973398,0.8834209
917,0.09693649,0.0197783,0.8832852
918,0.09706318,0.01981876,0.883118
919,0.09722184,0.01985414,0.882924
920,0.0974079,0.0198833,0.8827088
921,0.09761567,0.01990529,0.882479
922,0.09783872,0.01991934,0.882242
923,0.09807002,0.01992492,0.8820051
924,0.09830245,0.01992173,0.8817759
925,0.098529,0.01990977,0.8815613
926,0.09874321,0.01988927,0.8813675
927,0.09893915,0.01986073,0.8812001
928,0.09911191,0.01982491,0.8810632
929,0.09925734,0.01978277,0.8809599
930,0.09937234,0.01973544,0.8808923
931,0.09945463,0.0196842,0.8808612
932,0.09950283,0.01963043,0.8808667
933,0.09951628,0.01957555,0.8809081
934,0.09949496,0.01952101,0.880984
935,0.09943955,0.01946823,0.8810922
936,0.09935111,0.01941858,0.8812303
937,0.09923131,0.01937333,0.8813953
938,0.09908223,0.01933366,0.8815841
939,0.09890655,0.01930059,0.8817928
940,0.09870736,0.019275,0.8820177
941,0.09848835,0.01925759,0.8822541
942,0.09825382,0.01924891,0.8824973
943,0.09800862,0.01924927,0.882742
944,0.09775821,0.01925883,0.8829829
945,0.09750865,0.01927749,0.8832138
946,0.09726641,0.01930501,0.8834286
947,0.09703828,0.01934088,0.8836209
948,0.09683123,0.01938439,0.8837844
949,0.09665214,0.01943461,0.8839132
950,0.09650758,0.01949045,0.884002
951,0.09640341,0.01955059,0.884046
952,0.09634466,0.01961354,0.8840418
953,0.09633517,0.01967769,0.8839871
954,0.09637725,0.01974131,0.8838814
955,0.09647147,0.01980261,0.8837259
956,0.09661643,0.01985979,0.8835238
957,0.0968087,0.01991109,0.8832802
958,0.09704281,0.01995489,0.8830023
959,0.09731154,0.01998972,0.8826988
960,0.09760597,0.02001435,0.8823797
961,0.09791641,0.02002788,0.8820557
962,0.0982326,0.0200297,0.8817377
963,0.09854441,0.02001959,0.881436
964,0.09884244,0.01999773,0.8811598
965,0.09911828,0.01996461,0.8809171
966,0.09936485,0.01992114,0.8807141
967,0.09957648,0.0198685,0.880555
968,0.09974889,0.01980813,0.880443
969,0.09987924,0.01974171,0.8803791
970,0.09996571,0.01967103,0.8803632
971,0.1000076,0.01959799,0.8803945
972,0.1000049,0.01952452,0.8804706
973,0.09995841,0.01945252,0.8805891
974,0.09986939,0.01938382,0.8807468
975,0.09973948,0.01932014,0.8809404
976,0.09957089,0.01926307,0.881166
977,0.09936628,0.01921401,0.8814197
978,0.09912872,0.0191742,0.8816971
979,0.09886201,0.01914464,0.8819934
980,0.09857064,0.01912615,0.8823032
981,0.09825981,0.01911929,0.8826209
982,0.09793568,0.01912439,0.88294
983,0.09760534,0.01914152,0.8832531
984,0.0972767,0.01917055,0.8835528
985,0.09695833,0.01921101,0.8838307
986,0.09665957,0.01926221,0.8840783
987,0.09638988,0.01932319,0.8842869
988,0.09615868,0.01939269,0.8844486
989,0.095975,0.0194692,0.8845558
990,0.09584703,0.01955096,0.884602
991,0.09578169,0.01963599,0.8845823
992,0.09578425,0.0197221,0.8844936
993,0.09585778,0.01980693,0.8843353
994,0.0960029,0.01988807,0.884109
995,0.09621715,0.01996307,0.8838198
996,0.096495,0.02002955,0.8834755
997,0.09682778,0.02008532,0.8830869
998,0.09720404,0.02012843,0.8826675
999,0.09761028,0.02015732,0.8822324
1000,0.09803177,0.02017084,0.8817974
1001,0.09845377,0.02016835,0.8813779
1002,0.09886224,0.02014974,0.8809881
1003,0.09924483,0.02011542,0.8806397
1004,0.09959126,0.02006635,0.8803424
1005,0.09989357,0.02000392,0.8801025
1006,0.100146,0.01992992,0.8799241
1007,0.1003449,0.01984649,0.8798086
1008,0.1004882,0.01975595,0.8797559
1009,0.1005754,0.0196608,0.8797638
1010,0.1006069,0.01956359,0.8798295
1011,0.1005839,0.01946684,0.8799493
1012,0.1005079,0.01937301,0.8801191
1013,0.1003809,0.01928438,0.8803347
1014,0.1002052,0.01920309,0.8805918
1015,0.09998304,0.01913105,0.8808859
1016,0.09971739,0.01906993,0.8812127
1017,0.09941157,0.01902118,0.8815673
1018,0.0990695,0.01898595,0.8819445
1019,0.09869609,0.01896515,0.8823388
1020,0.09829737,0.0189594,0.8827432
1021,0.09788072,0.01896904,0.8831502
1022,0.0974549,0.01899412,0.883551
1023,0.09703,0.01903438,0.8839356
1024,0.09661753,0.01908925,0.8842932
1025,0.09622975,0.01915782,0.8846124
1026,0.09587952,0.01923887,0.8848816
1027,0.09557968,0.01933081,0.8850895
1028,0.09534259,0.0194317,0.8852257
1029,0.0951796,0.01953928,0.885281
1030,0.09510045,0.01965098,0.8852485
1031,0.09511279,0.0197639,0.8851233
1032,0.09522136,0.01987497,0.8849037
1033,0.09542727,0.01998093,0.8845918
1034,0.09572741,0.0200785,0.8841941
1035,0.09611356,0.02016448,0.8837219
1036,0.09657259,0.02023589,0.8831915
1037,0.09708699,0.02029014,0.8826229
1038,0.09763608,0.02032514,0.8820388
1039,0.09819803,0.02033946,0.8814625
1040,0.09875161,0.02033238,0.880916
1041,0.09927776,0.02030393,0.8804183
1042,0.09976083,0.02025489,0.8799843
1043,0.1001888,0.02018674,0.8796245
1044,0.1005535,0.02010156,0.8793449
1045,0.10085,0.02000195,0.879148
1046,0.1010763,0.01989087,0.8790328
1047,0.1012322,0.01977152,0.8789963
1048,0.1013191,0.0196472,0.8790337
1049,0.1013391,0.01952125,0.8791396
1050,0.1012951,0.01939689,0.8793081
1051,0.1011896,0.01927716,0.8795333
1052,0.1010252,0.01916487,0.8798099
1053,0.1008045,0.01906259,0.8801329
1054,0.1005298,0.01897255,0.8804976
1055,0.1002035,0.01889672,0.8808998
1056,0.09982838,0.01883671,0.8813349
1057,0.09940796,0.01879385,0.8817982
1058,0.09894679,0.01876915,0.882284
1059,0.09845106,0.0187633,0.8827856
1060,0.09792884,0.01877668,0.8832945
1061,0.0973904,0.01880934,0.8838003
1062,0.09684822,0.01886098,0.8842908
1063,0.09631678,0.01893097,0.8847522
1064,0.09581219,0.01901826,0.8851695
1065,0.09535149,0.01912141,0.8855271
1066,0.09495191,0.01923857,0.8858095
1067,0.09463,0.01936743,0.8860026
1068,0.0944129,0.01950504,0.8860821
1069,0.09442603,0.01964624,0.8859277
1070,0.09459648,0.0197885,0.885615
1071,0.09486629,0.01992743,0.8852063
1072,0.09519139,0.0200589,0.8847497
1073,0.09556044,0.02017889,0.8842607
1074,0.09599706,0.02028346,0.8837195
1075,0.09650242,0.02036952,0.883128
1076,0.0970637,0.02043435,0.882502
1077,0.09766035,0.02047583,0.8818638
1078,0.09826843,0.02049251,0.881239
1079,0.09886439,0.02048378,0.8806518
1080,0.09942722,0.02044994,0.8801228
1081,0.09994026,0.02039208,0.8796677
1082,0.1003912,0.02031213,0.8792967
1083,0.1007722,0.02021266,0.8790151
1084,0.1010795,0.0200968,0.8788238
