EwEVersion,"6.6.7.17812 (compiled 28/02/2022)"
Date,"26/02/2023 11:47:51 AM"
ModelName,CS_model_V1_110722
EcosimScenario,"New Ecosim scenario"
TimeSeries,(none)
StartYear,2020

Data,"Prey of Sea snails"

year\group,Polychaetes,Macroalgae,"Macroalgal Epiphytes",Microphytobenthos,Detritus,
2020,0.009898447,0.1978115,0.2967179,0.0009892101,0.4945829
2021,0.00989957,0.1978064,0.296715,0.0009891974,0.4945898
2022,0.009899354,0.1978049,0.2967099,0.0009892322,0.4945965
2023,0.009897335,0.1978093,0.2967148,0.0009893241,0.4945893
2024,0.009897357,0.19781,0.2967186,0.0009893029,0.4945848
2025,0.009898392,0.1978097,0.2967131,0.0009892859,0.4945894
2026,0.009897674,0.1978174,0.2967224,0.0009892945,0.4945731
2027,0.009897703,0.1978219,0.2967353,0.000989223,0.4945558
2028,0.009899201,0.1978179,0.2967248,0.0009891813,0.4945689
2029,0.009898664,0.1978196,0.2967222,0.0009892054,0.4945703
2030,0.009897688,0.1978229,0.2967369,0.0009891699,0.4945533
2031,0.009898475,0.1978174,0.296728,0.0009891972,0.4945669
2032,0.00989771,0.1978183,0.2967198,0.0009893165,0.4945749
2033,0.00989695,0.1978248,0.296739,0.0009892398,0.4945501
2034,0.009899471,0.1978185,0.2967335,0.0009890974,0.4945594
2035,0.009899452,0.1978166,0.2967158,0.000989203,0.4945789
2036,0.009896326,0.1978272,0.2967391,0.000989267,0.4945481
2037,0.009897819,0.1978218,0.2967426,0.000989165,0.4945486
2038,0.009899778,0.1978132,0.296711,0.000989233,0.4945868
2039,0.009897049,0.1978256,0.2967313,0.00098926,0.4945568
2040,0.009897844,0.1978254,0.2967524,0.0009890797,0.4945352
2041,0.009900287,0.1978118,0.2967123,0.0009891932,0.4945864
2042,0.009896398,0.1978244,0.2967219,0.000989383,0.4945679
2043,0.009896447,0.1978299,0.2967615,0.0009891223,0.494523
2044,0.009901852,0.1978089,0.2967153,0.0009890608,0.4945849
2045,0.009897918,0.1978195,0.2967058,0.0009893669,0.4945874
2046,0.009894258,0.197837,0.296771,0.0009892046,0.4945085
2047,0.009901213,0.1978105,0.2967292,0.0009890384,0.49457
2048,0.009899837,0.1978109,0.2966844,0.0009893881,0.4946154
2049,0.009893435,0.1978415,0.2967705,0.0009892386,0.4945054
2050,0.009900868,0.1978155,0.296753,0.0009888938,0.4945417
2051,0.009901819,0.1978012,0.2966655,0.0009893932,0.494642
2052,0.009891328,0.1978449,0.2967601,0.0009894575,0.4945143
2053,0.009899086,0.197825,0.2967856,0.0009888044,0.4945016
2054,0.009906099,0.197788,0.2966491,0.0009892083,0.4946675
2055,0.009891183,0.197843,0.2967324,0.0009896239,0.4945437
2056,0.009894484,0.1978427,0.296829,0.0009888335,0.4944449
2057,0.0099091,0.197777,0.2966487,0.0009890461,0.4946761
2058,0.009893293,0.1978312,0.2966811,0.0009898092,0.4946047
2059,0.00988962,0.1978645,0.2968704,0.0009888562,0.4943867
2060,0.009911801,0.197772,0.2966748,0.0009887086,0.4946527
2061,0.009897053,0.1978097,0.296611,0.0009900285,0.4946922
2062,0.009882161,0.1978898,0.2968998,0.0009891529,0.4943391
2063,0.009912779,0.1977768,0.2967352,0.0009882663,0.494587
2064,0.009905948,0.1977737,0.2965235,0.0009899993,0.4948069
2065,0.009874669,0.1979131,0.2968993,0.0009896168,0.4943234
2066,0.00990818,0.1978015,0.296843,0.0009879005,0.4944594
2067,0.009917703,0.1977261,0.2964369,0.0009898219,0.4949294
2068,0.009869977,0.1979223,0.2968418,0.0009902543,0.4943757
2069,0.009898805,0.1978493,0.2969936,0.0009875252,0.4942708
2070,0.009932108,0.1976745,0.2963814,0.0009892763,0.4950227
2071,0.009868948,0.1979084,0.2967097,0.0009911588,0.4945218
2072,0.009881279,0.1979235,0.2971734,0.0009875017,0.4940344
2073,0.009947772,0.1976283,0.2963925,0.0009882278,0.4950432
2074,0.009878018,0.197855,0.2964841,0.0009919797,0.4947909
2075,0.009855703,0.1980222,0.2973504,0.0009879908,0.4937837
2076,0.009957637,0.1976107,0.2965231,0.0009868318,0.4949217
2077,0.009899738,0.1977497,0.296167,0.0009926028,0.4951911
2078,0.009825944,0.1981287,0.2974615,0.0009891334,0.4935948
2079,0.009957267,0.1976455,0.2968174,0.0009850207,0.4945948
2080,0.009936623,0.1975894,0.2957953,0.0009926255,0.495686
2081,0.009795274,0.1982189,0.2974287,0.0009912715,0.4935659
2082,0.009937673,0.1977596,0.2973028,0.0009832169,0.4940166
2083,0.00999065,0.1973805,0.2954431,0.0009914471,0.4961943
2084,0.009775255,0.1982492,0.2971534,0.0009942392,0.4938278
2085,0.009889976,0.197978,0.2979721,0.0009820019,0.4931779
2086,0.01005439,0.1971573,0.2952472,0.0009887582,0.4965523
2087,0.009779477,0.1981616,0.2965381,0.0009978147,0.494523
2088,0.009811235,0.1983052,0.2987457,0.0009820221,0.4921559
2089,0.01011656,0.1969803,0.2953945,0.0009840687,0.4965247
2090,0.009823711,0.1978945,0.2955275,0.001001334,0.495753
2091,0.009701084,0.1987215,0.2994643,0.0009843945,0.4911287
2092,0.01015513,0.196937,0.2960979,0.0009774348,0.4958326
2093,0.009927472,0.1973912,0.2941475,0.001003337,0.4975305
2094,0.00957333,0.1991605,0.2998677,0.0009899369,0.4904085
2095,0.01013671,0.1971379,0.2975491,0.0009696602,0.4942066
2096,0.01010107,0.1966409,0.2925985,0.001002041,0.4996575
2097,0.009457082,0.1994874,0.2995907,0.0009992118,0.4904656
2098,0.01002661,0.1976845,0.2998104,0.0009622811,0.4915161
2099,0.01034177,0.1957232,0.2913486,0.000994911,0.5015914
2100,0.009398761,0.1994825,0.2981993,0.001011979,0.4919074
2101,0.009792307,0.1986422,0.3027025,0.0009583575,0.4879046
2102,0.01061538,0.1948576,0.2912045,0.0009795144,0.502343
2103,0.009470559,0.1988244,0.2952683,0.001025822,0.4954109
2104,0.009428282,0.1999924,0.3056709,0.0009620548,0.4839464
2105,0.01082958,0.1944316,0.2932463,0.0009552005,0.5005373
2106,0.009761273,0.1971667,0.2906806,0.001035103,0.5013564
2107,0.00898497,0.2015379,0.3076565,0.0009781937,0.4808424
2108,0.01082516,0.194912,0.2983336,0.0009255568,0.4950038
2109,0.01032778,0.1945853,0.2864468,0.001022841,0.5076172
2110,0.008679271,0.2021785,0.3056706,0.001012416,0.4824592
2111,0.01030637,0.1967668,0.3042891,0.0009197742,0.487718
2112,0.01097791,0.1927353,0.2854775,0.0009911524,0.5098181
2113,0.008802836,0.2013692,0.3007242,0.001035492,0.4880683
2114,0.009625836,0.1992406,0.3086287,0.0009318065,0.481573
2115,0.01131986,0.1923638,0.2883581,0.0009576656,0.5070006
2116,0.009229056,0.1991166,0.2944457,0.001044407,0.4961643
2117,0.009040973,0.2013266,0.3102161,0.0009578373,0.4784584
2118,0.011248,0.1933012,0.2938736,0.0009314897,0.5006457
2119,0.009870597,0.1963174,0.2888902,0.001035269,0.5038866
