EwEVersion,"6.6.7.17812 (compiled 28/02/2022)"
Date,"26/02/2023 11:47:51 AM"
ModelName,CS_model_V1_110722
EcosimScenario,"New Ecosim scenario"
TimeSeries,(none)
StartYear,2020

Data,"Prey of Wrasses"

timestep\group,"Demersal fish","Mantis shrimp","Sand dollars",Bivalves,Polychaetes,Urchins,Detritus,
1,0.2016579,0.001260068,0.01637322,8.491144E-05,0.03784456,0.08780656,0.6549728
2,0.2016392,0.001259924,0.01637248,8.490321E-05,0.03784022,0.08779749,0.6550057
3,0.2016346,0.001259936,0.01637211,8.49057E-05,0.03784008,0.08779766,0.6550107
4,0.2016294,0.00125993,0.01637187,8.490737E-05,0.03783952,0.08779838,0.6550159
5,0.2016244,0.00125992,0.01637177,8.490807E-05,0.03783903,0.08779959,0.6550204
6,0.2016196,0.001259911,0.01637181,8.490811E-05,0.03783875,0.08780129,0.6550237
7,0.2016152,0.001259905,0.01637199,8.490768E-05,0.03783873,0.08780338,0.6550258
8,0.2016113,0.001259904,0.01637232,8.490685E-05,0.03783888,0.0878057,0.655027
9,0.2016077,0.001259908,0.01637279,8.490583E-05,0.0378392,0.08780812,0.6550274
10,0.2016044,0.001259917,0.01637337,8.490463E-05,0.03783963,0.0878105,0.6550272
11,0.2016017,0.00125993,0.01637407,8.49034E-05,0.03784015,0.08781277,0.6550266
12,0.2015991,0.001259946,0.01637486,8.490212E-05,0.03784071,0.08781483,0.6550256
13,0.2015971,0.001259964,0.01637574,8.49009E-05,0.03784132,0.08781669,0.6550243
14,0.2015956,0.001259984,0.01637668,8.489969E-05,0.0378419,0.08781821,0.6550228
15,0.2015943,0.001260004,0.01637767,8.489854E-05,0.03784246,0.08781943,0.6550212
16,0.2015935,0.001260023,0.01637871,8.489747E-05,0.03784299,0.08782033,0.6550195
17,0.2015931,0.001260041,0.01637976,8.489646E-05,0.03784348,0.0878209,0.6550179
18,0.2015932,0.001260058,0.01638082,8.489552E-05,0.03784389,0.08782116,0.6550161
19,0.2015935,0.001260071,0.01638186,8.489463E-05,0.03784423,0.08782107,0.6550145
20,0.2015942,0.001260081,0.01638288,8.489377E-05,0.03784448,0.08782071,0.6550128
21,0.2015952,0.001260088,0.01638385,8.489298E-05,0.03784466,0.08782005,0.6550113
22,0.2015964,0.001260091,0.01638477,8.48922E-05,0.03784474,0.08781913,0.65501
23,0.2015978,0.00126009,0.01638563,8.489145E-05,0.03784471,0.08781797,0.6550089
24,0.2015995,0.001260086,0.01638641,8.489074E-05,0.03784461,0.08781662,0.6550079
25,0.2016013,0.001260079,0.01638712,8.489007E-05,0.03784444,0.08781514,0.655007
26,0.2016033,0.001260069,0.01638773,8.488943E-05,0.03784418,0.08781353,0.6550063
27,0.2016053,0.001260055,0.01638825,8.488875E-05,0.0378438,0.08781173,0.6550059
28,0.2016074,0.001260039,0.01638868,8.488816E-05,0.03784339,0.08780995,0.6550057
29,0.2016094,0.00126002,0.01638901,8.488756E-05,0.03784289,0.08780809,0.6550058
30,0.2016114,0.001259999,0.01638924,8.488697E-05,0.03784234,0.08780628,0.6550058
31,0.2016134,0.001259977,0.01638938,8.488642E-05,0.03784174,0.08780447,0.6550062
32,0.2016152,0.001259953,0.01638942,8.488588E-05,0.0378411,0.08780274,0.6550068
33,0.2016169,0.001259928,0.01638938,8.488541E-05,0.03784043,0.08780111,0.6550074
34,0.2016184,0.001259903,0.01638925,8.488494E-05,0.03783974,0.08779959,0.6550083
35,0.2016197,0.001259878,0.01638905,8.488457E-05,0.03783905,0.08779826,0.6550092
36,0.2016209,0.001259854,0.01638878,8.488422E-05,0.03783836,0.08779708,0.6550102
37,0.2016218,0.00125983,0.01638845,8.488396E-05,0.03783769,0.08779612,0.6550112
38,0.2016225,0.001259807,0.01638807,8.488371E-05,0.03783705,0.08779532,0.6550124
39,0.201623,0.001259786,0.01638764,8.488352E-05,0.03783644,0.08779471,0.6550135
40,0.2016233,0.001259767,0.0163872,8.488345E-05,0.03783588,0.08779436,0.6550146
41,0.2016234,0.00125975,0.01638673,8.488344E-05,0.03783538,0.08779422,0.6550156
42,0.2016233,0.001259736,0.01638624,8.488352E-05,0.03783496,0.08779427,0.6550166
43,0.201623,0.001259724,0.01638576,8.488367E-05,0.03783458,0.0877945,0.6550176
44,0.2016225,0.001259714,0.01638529,8.48839E-05,0.03783429,0.08779495,0.6550183
45,0.201622,0.001259708,0.01638483,8.488423E-05,0.03783409,0.08779556,0.6550189
46,0.2016213,0.001259704,0.01638439,8.488463E-05,0.03783394,0.08779632,0.6550195
47,0.2016206,0.001259702,0.01638399,8.488509E-05,0.03783388,0.08779718,0.6550198
48,0.2016198,0.001259704,0.01638363,8.488561E-05,0.03783389,0.08779813,0.6550199
49,0.2016191,0.001259708,0.0163833,8.488622E-05,0.03783398,0.08779915,0.6550199
50,0.2016184,0.001259713,0.01638303,8.488688E-05,0.03783414,0.08780017,0.6550196
51,0.2016177,0.001259721,0.0163828,8.488754E-05,0.03783434,0.0878012,0.6550193
52,0.2016172,0.00125973,0.01638262,8.488826E-05,0.03783461,0.0878022,0.6550187
53,0.2016168,0.00125974,0.01638249,8.488898E-05,0.03783492,0.08780312,0.655018
54,0.2016165,0.001259752,0.01638241,8.488971E-05,0.03783527,0.08780394,0.6550172
55,0.2016165,0.001259763,0.01638239,8.489042E-05,0.03783564,0.08780466,0.6550161
56,0.2016166,0.001259775,0.01638241,8.489111E-05,0.03783603,0.0878052,0.6550151
57,0.201617,0.001259787,0.01638247,8.489174E-05,0.03783641,0.08780562,0.6550138
58,0.2016176,0.001259798,0.01638256,8.489233E-05,0.0378368,0.08780585,0.6550125
59,0.2016185,0.001259808,0.01638269,8.489285E-05,0.03783716,0.08780587,0.6550112
60,0.2016195,0.001259817,0.01638284,8.489328E-05,0.03783749,0.08780573,0.6550097
61,0.2016209,0.001259825,0.01638302,8.48936E-05,0.0378378,0.08780538,0.6550082
62,0.2016224,0.001259831,0.0163832,8.489383E-05,0.03783806,0.08780482,0.6550068
63,0.2016242,0.001259835,0.0163834,8.489394E-05,0.03783829,0.08780412,0.6550053
64,0.2016261,0.001259837,0.0163836,8.489395E-05,0.03783846,0.08780325,0.6550038
65,0.2016282,0.001259837,0.01638379,8.489379E-05,0.03783856,0.08780219,0.6550025
66,0.2016305,0.001259835,0.01638397,8.489353E-05,0.03783862,0.08780105,0.6550012
67,0.2016329,0.001259831,0.01638414,8.489312E-05,0.03783862,0.08779977,0.6549999
68,0.2016353,0.001259826,0.01638428,8.489258E-05,0.03783856,0.08779845,0.6549986
69,0.2016378,0.001259819,0.01638441,8.489192E-05,0.03783846,0.08779711,0.6549974
70,0.2016402,0.001259809,0.01638449,8.48911E-05,0.03783827,0.0877957,0.6549966
71,0.2016426,0.0012598,0.01638456,8.489021E-05,0.03783808,0.08779439,0.6549956
72,0.201645,0.001259789,0.01638459,8.488924E-05,0.03783786,0.08779315,0.6549947
73,0.2016472,0.001259777,0.01638459,8.488815E-05,0.03783759,0.08779196,0.654994
74,0.2016492,0.001259766,0.01638455,8.488699E-05,0.0378373,0.08779092,0.6549934
75,0.201651,0.001259754,0.01638448,8.488576E-05,0.037837,0.08778999,0.6549928
76,0.2016528,0.001259743,0.0163844,8.488454E-05,0.03783672,0.08778931,0.6549922
77,0.2016542,0.001259732,0.01638428,8.488328E-05,0.03783643,0.08778874,0.6549917
78,0.2016554,0.001259723,0.01638413,8.488202E-05,0.03783616,0.0877884,0.6549913
79,0.2016563,0.001259715,0.01638397,8.488081E-05,0.03783593,0.08778828,0.654991
80,0.201657,0.001259708,0.01638379,8.487963E-05,0.03783572,0.08778836,0.6549905
81,0.2016575,0.001259704,0.0163836,8.487853E-05,0.03783558,0.08778867,0.65499
82,0.2016577,0.001259702,0.01638341,8.487752E-05,0.03783548,0.08778919,0.6549897
83,0.2016578,0.001259702,0.01638322,8.487664E-05,0.03783545,0.08778992,0.6549891
84,0.2016574,0.001259703,0.01638301,8.487582E-05,0.03783545,0.08779076,0.6549888
85,0.2016571,0.001259707,0.01638283,8.487517E-05,0.03783553,0.0877918,0.6549882
86,0.2016565,0.001259715,0.01638265,8.487469E-05,0.03783568,0.08779297,0.6549875
87,0.2016559,0.001259723,0.01638249,8.487434E-05,0.03783591,0.08779421,0.654987
88,0.201655,0.001259733,0.01638233,8.487414E-05,0.03783616,0.08779548,0.6549863
89,0.2016543,0.001259746,0.01638221,8.487414E-05,0.03783649,0.08779681,0.6549855
90,0.2016535,0.00125976,0.0163821,8.487428E-05,0.03783686,0.0877981,0.6549848
91,0.2016528,0.001259776,0.01638202,8.487459E-05,0.03783727,0.08779936,0.6549839
92,0.201652,0.001259792,0.01638195,8.487506E-05,0.03783772,0.08780051,0.6549831
93,0.2016514,0.001259808,0.0163819,8.48756E-05,0.03783818,0.08780149,0.6549823
94,0.201651,0.001259825,0.01638188,8.487634E-05,0.03783868,0.08780241,0.6549814
95,0.2016506,0.001259841,0.01638188,8.487719E-05,0.03783916,0.08780313,0.6549805
96,0.2016505,0.001259857,0.01638189,8.487813E-05,0.03783965,0.08780365,0.6549796
97,0.2016505,0.001259872,0.01638191,8.487914E-05,0.03784011,0.08780392,0.6549788
98,0.2016508,0.001259886,0.01638194,8.488022E-05,0.03784054,0.08780399,0.654978
99,0.2016513,0.001259898,0.01638198,8.488133E-05,0.03784094,0.08780384,0.6549771
100,0.201652,0.001259908,0.01638202,8.488244E-05,0.03784129,0.08780347,0.6549765
101,0.2016529,0.001259916,0.01638206,8.488356E-05,0.03784158,0.08780283,0.6549759
102,0.2016539,0.001259922,0.01638209,8.488463E-05,0.03784181,0.08780201,0.6549754
103,0.2016551,0.001259925,0.01638211,8.488566E-05,0.03784198,0.087801,0.6549749
104,0.2016564,0.001259926,0.01638212,8.48866E-05,0.03784206,0.08779978,0.6549749
105,0.2016579,0.001259925,0.01638212,8.488746E-05,0.03784209,0.08779851,0.6549746
106,0.2016595,0.001259921,0.01638211,8.48882E-05,0.03784205,0.08779708,0.6549745
107,0.2016611,0.001259916,0.01638208,8.488887E-05,0.03784193,0.08779562,0.6549745
108,0.2016626,0.001259909,0.01638202,8.488935E-05,0.03784174,0.0877941,0.6549747
109,0.2016642,0.001259899,0.01638196,8.488974E-05,0.03784151,0.08779262,0.6549749
110,0.2016656,0.001259889,0.01638187,8.488995E-05,0.03784122,0.08779121,0.6549754
111,0.2016669,0.001259877,0.01638177,8.489E-05,0.03784085,0.08778986,0.6549759
112,0.2016681,0.001259865,0.01638166,8.488997E-05,0.03784049,0.08778873,0.6549763
113,0.201669,0.001259853,0.01638154,8.488974E-05,0.03784009,0.08778767,0.654977
114,0.2016698,0.001259841,0.01638141,8.488941E-05,0.03783968,0.08778687,0.6549775
115,0.2016703,0.001259828,0.01638129,8.488893E-05,0.03783926,0.08778625,0.6549782
116,0.2016705,0.001259817,0.01638116,8.488834E-05,0.03783885,0.08778588,0.6549789
117,0.2016705,0.001259808,0.01638104,8.488769E-05,0.03783846,0.0877858,0.6549794
118,0.2016703,0.001259799,0.01638094,8.488692E-05,0.03783809,0.08778596,0.6549801
119,0.2016697,0.001259792,0.01638084,8.488608E-05,0.03783775,0.08778638,0.6549806
120,0.2016689,0.001259787,0.01638077,8.488522E-05,0.03783748,0.08778704,0.6549811
121,0.2016678,0.001259783,0.01638073,8.48843E-05,0.03783723,0.08778793,0.6549816
122,0.2016666,0.001259782,0.01638071,8.488337E-05,0.03783705,0.08778904,0.654982
123,0.2016651,0.001259783,0.01638072,8.488243E-05,0.03783694,0.08779033,0.6549822
124,0.2016635,0.001259786,0.01638078,8.488154E-05,0.03783688,0.08779179,0.6549823
125,0.2016619,0.001259791,0.01638087,8.488065E-05,0.03783689,0.08779333,0.6549823
126,0.2016601,0.001259797,0.01638099,8.487981E-05,0.03783695,0.08779496,0.6549823
127,0.2016584,0.001259804,0.01638115,8.4879E-05,0.03783704,0.08779658,0.6549822
128,0.2016566,0.001259813,0.01638135,8.487828E-05,0.03783721,0.08779818,0.654982
129,0.2016549,0.001259822,0.01638157,8.48776E-05,0.03783739,0.0877997,0.6549817
130,0.2016535,0.001259833,0.01638184,8.487703E-05,0.03783763,0.08780117,0.6549812
131,0.2016521,0.001259842,0.01638211,8.487649E-05,0.03783786,0.08780241,0.6549809
132,0.201651,0.001259853,0.01638243,8.487608E-05,0.03783815,0.08780351,0.6549802
133,0.2016501,0.001259861,0.01638275,8.487569E-05,0.0378384,0.08780433,0.6549797
134,0.2016494,0.001259869,0.01638308,8.487537E-05,0.03783865,0.08780491,0.6549792
135,0.2016491,0.001259875,0.01638341,8.48751E-05,0.03783887,0.08780523,0.6549786
136,0.2016491,0.00125988,0.01638374,8.487493E-05,0.03783908,0.08780523,0.6549781
137,0.2016493,0.001259881,0.01638405,8.487473E-05,0.03783922,0.08780492,0.6549777
138,0.2016499,0.001259881,0.01638435,8.487461E-05,0.03783932,0.08780432,0.6549773
139,0.2016508,0.001259878,0.01638462,8.487447E-05,0.03783936,0.08780342,0.654977
140,0.201652,0.001259872,0.01638485,8.487437E-05,0.03783933,0.08780224,0.6549768
141,0.2016534,0.001259864,0.01638505,8.487427E-05,0.03783924,0.08780083,0.6549768
142,0.2016549,0.001259853,0.0163852,8.487416E-05,0.03783908,0.08779918,0.6549769
143,0.2016568,0.00125984,0.0163853,8.487406E-05,0.03783886,0.08779741,0.654977
144,0.2016587,0.001259824,0.01638535,8.487392E-05,0.03783857,0.08779548,0.6549773
145,0.2016607,0.001259806,0.01638535,8.487375E-05,0.0378382,0.08779345,0.6549776
146,0.2016626,0.001259787,0.01638528,8.487356E-05,0.03783779,0.08779139,0.6549783
147,0.2016646,0.001259767,0.01638517,8.487335E-05,0.03783735,0.08778942,0.6549788
148,0.2016665,0.001259746,0.016385,8.487312E-05,0.03783687,0.08778746,0.6549796
149,0.2016682,0.001259725,0.01638478,8.487288E-05,0.03783637,0.0877857,0.6549803
150,0.2016699,0.001259705,0.01638452,8.487266E-05,0.03783586,0.08778413,0.6549811
151,0.2016711,0.001259685,0.01638421,8.487238E-05,0.03783535,0.08778273,0.654982
152,0.2016722,0.001259667,0.01638388,8.487214E-05,0.03783488,0.08778168,0.6549828
153,0.201673,0.001259651,0.01638351,8.487191E-05,0.03783444,0.08778091,0.6549836
154,0.2016733,0.001259638,0.01638313,8.48717E-05,0.03783403,0.08778047,0.6549845
155,0.2016734,0.001259628,0.01638274,8.487157E-05,0.0378337,0.08778042,0.6549852
156,0.2016731,0.001259621,0.01638235,8.487148E-05,0.03783346,0.08778073,0.6549859
157,0.2016724,0.001259618,0.01638197,8.487146E-05,0.0378333,0.08778141,0.6549863
158,0.2016715,0.001259619,0.01638161,8.487151E-05,0.03783324,0.08778245,0.6549868
159,0.2016702,0.001259624,0.01638128,8.487168E-05,0.03783328,0.08778385,0.6549869
160,0.2016687,0.001259634,0.01638098,8.487194E-05,0.03783344,0.08778555,0.6549869
161,0.2016668,0.001259647,0.01638073,8.487231E-05,0.03783369,0.08778749,0.6549867
162,0.2016647,0.001259665,0.01638053,8.487278E-05,0.03783406,0.08778969,0.6549864
163,0.2016626,0.001259686,0.01638038,8.48734E-05,0.03783454,0.08779205,0.6549858
164,0.2016604,0.001259711,0.0163803,8.487415E-05,0.03783513,0.08779452,0.654985
165,0.2016582,0.001259739,0.01638028,8.487498E-05,0.0378358,0.08779706,0.6549841
166,0.201656,0.001259769,0.01638032,8.487592E-05,0.03783654,0.08779956,0.6549829
167,0.2016538,0.0012598,0.01638042,8.487692E-05,0.03783733,0.08780195,0.6549818
168,0.201652,0.001259833,0.01638059,8.487806E-05,0.03783819,0.08780427,0.6549802
169,0.2016503,0.001259866,0.01638081,8.487921E-05,0.03783907,0.08780634,0.6549787
170,0.2016489,0.001259899,0.01638108,8.488044E-05,0.03783996,0.08780815,0.6549771
171,0.2016478,0.00125993,0.0163814,8.488165E-05,0.03784084,0.08780961,0.6549755
172,0.2016472,0.00125996,0.01638176,8.488288E-05,0.03784169,0.08781075,0.6549737
173,0.201647,0.001259987,0.01638215,8.488408E-05,0.03784249,0.08781149,0.654972
174,0.2016471,0.00126001,0.01638255,8.488521E-05,0.0378432,0.08781177,0.6549705
175,0.2016477,0.00126003,0.01638297,8.488624E-05,0.03784382,0.08781162,0.654969
176,0.2016488,0.001260045,0.01638339,8.488718E-05,0.03784435,0.087811,0.6549677
177,0.2016502,0.001260056,0.01638379,8.488798E-05,0.03784476,0.08780999,0.6549662
178,0.2016521,0.001260061,0.01638417,8.488858E-05,0.03784502,0.08780854,0.6549652
179,0.2016543,0.001260061,0.01638451,8.488901E-05,0.03784514,0.08780668,0.6549645
180,0.2016568,0.001260056,0.01638482,8.488925E-05,0.03784513,0.08780449,0.6549639
181,0.2016595,0.001260045,0.01638508,8.488927E-05,0.03784495,0.08780201,0.6549635
182,0.2016626,0.00126003,0.01638529,8.488912E-05,0.03784466,0.08779932,0.6549633
183,0.2016656,0.001260009,0.01638542,8.488868E-05,0.03784419,0.0877964,0.6549634
184,0.2016688,0.001259985,0.0163855,8.488806E-05,0.03784363,0.08779345,0.6549638
185,0.2016718,0.001259956,0.0163855,8.488716E-05,0.0378429,0.08779042,0.6549645
186,0.2016748,0.001259925,0.01638544,8.488607E-05,0.03784209,0.08778749,0.6549653
187,0.2016775,0.001259891,0.0163853,8.488477E-05,0.03784117,0.08778467,0.6549665
188,0.2016801,0.001259855,0.01638511,8.488333E-05,0.03784023,0.08778207,0.6549678
189,0.2016823,0.001259819,0.01638485,8.488169E-05,0.0378392,0.08777977,0.6549692
190,0.2016841,0.001259783,0.01638454,8.487996E-05,0.03783816,0.08777779,0.6549708
191,0.2016854,0.001259747,0.01638418,8.487809E-05,0.03783713,0.08777621,0.6549724
192,0.2016862,0.001259714,0.01638379,8.487619E-05,0.03783611,0.08777507,0.6549742
193,0.2016865,0.001259682,0.01638336,8.487423E-05,0.03783513,0.0877744,0.654976
194,0.2016863,0.001259655,0.01638293,8.487231E-05,0.03783423,0.08777424,0.6549777
195,0.2016856,0.001259631,0.01638248,8.487042E-05,0.03783344,0.08777462,0.6549794
196,0.2016843,0.001259612,0.01638205,8.486865E-05,0.03783276,0.08777548,0.6549809
197,0.2016825,0.001259598,0.01638163,8.4867E-05,0.0378322,0.08777686,0.6549823
198,0.2016803,0.001259589,0.01638124,8.48655E-05,0.03783179,0.08777869,0.6549835
199,0.2016777,0.001259586,0.01638089,8.486419E-05,0.03783152,0.08778094,0.6549845
200,0.2016747,0.001259588,0.01638059,8.486308E-05,0.03783141,0.08778354,0.6549854
201,0.2016715,0.001259596,0.01638035,8.486227E-05,0.03783147,0.08778646,0.6549858
202,0.2016679,0.001259609,0.01638017,8.486165E-05,0.03783167,0.08778957,0.6549862
203,0.2016643,0.001259627,0.01638006,8.486134E-05,0.03783203,0.08779287,0.6549862
204,0.2016608,0.001259649,0.01638002,8.48613E-05,0.03783254,0.08779619,0.654986
205,0.2016572,0.001259674,0.01638005,8.486152E-05,0.03783316,0.08779946,0.6549856
206,0.2016538,0.001259703,0.01638015,8.486205E-05,0.03783391,0.08780264,0.654985
207,0.2016507,0.001259734,0.01638033,8.486282E-05,0.03783474,0.08780563,0.654984
208,0.2016479,0.001259767,0.01638057,8.486387E-05,0.03783566,0.08780836,0.6549829
209,0.2016455,0.0012598,0.01638087,8.486514E-05,0.03783662,0.0878107,0.6549817
210,0.2016436,0.001259833,0.01638122,8.486661E-05,0.03783759,0.08781261,0.6549803
211,0.2016422,0.001259864,0.01638161,8.48682E-05,0.03783856,0.08781401,0.6549788
212,0.2016414,0.001259894,0.01638203,8.486994E-05,0.03783951,0.0878149,0.6549775
213,0.2016412,0.00125992,0.01638248,8.48718E-05,0.0378404,0.08781524,0.6549759
214,0.2016416,0.001259943,0.01638293,8.487371E-05,0.03784123,0.08781506,0.6549745
215,0.2016425,0.001259961,0.01638336,8.48756E-05,0.03784193,0.08781421,0.6549731
216,0.2016441,0.001259975,0.01638379,8.487745E-05,0.03784251,0.08781285,0.6549719
217,0.2016462,0.001259983,0.01638418,8.487926E-05,0.03784298,0.08781095,0.6549708
218,0.2016488,0.001259987,0.01638454,8.488094E-05,0.03784331,0.08780859,0.6549698
219,0.2016518,0.001259984,0.01638484,8.488247E-05,0.03784345,0.08780576,0.6549692
220,0.2016552,0.001259977,0.01638508,8.48838E-05,0.03784345,0.0878026,0.6549687
221,0.2016589,0.001259964,0.01638525,8.488499E-05,0.03784331,0.08779919,0.6549685
222,0.2016628,0.001259946,0.01638535,8.488591E-05,0.03784302,0.0877956,0.6549684
223,0.2016665,0.001259924,0.01638537,8.488657E-05,0.03784254,0.08779191,0.6549689
224,0.2016704,0.001259898,0.01638532,8.488698E-05,0.03784196,0.08778824,0.6549693
225,0.2016741,0.00125987,0.01638518,8.488711E-05,0.03784128,0.08778467,0.65497
226,0.2016776,0.001259839,0.01638497,8.488702E-05,0.0378405,0.08778131,0.6549709
227,0.2016807,0.001259808,0.0163847,8.488668E-05,0.03783965,0.0877783,0.654972
228,0.2016834,0.001259776,0.01638436,8.488608E-05,0.03783875,0.08777563,0.6549731
229,0.2016857,0.001259745,0.01638397,8.488529E-05,0.03783783,0.08777349,0.6549745
230,0.2016874,0.001259716,0.01638354,8.488433E-05,0.03783694,0.08777186,0.6549758
231,0.2016883,0.001259689,0.01638307,8.488321E-05,0.03783606,0.08777083,0.6549771
232,0.2016887,0.001259666,0.0163826,8.488193E-05,0.03783525,0.0877704,0.6549785
233,0.2016885,0.001259647,0.01638212,8.48806E-05,0.03783454,0.08777066,0.6549796
234,0.2016875,0.001259633,0.01638165,8.487918E-05,0.03783393,0.08777155,0.6549809
235,0.201686,0.001259625,0.01638121,8.487781E-05,0.03783345,0.08777314,0.6549818
236,0.2016838,0.001259622,0.01638081,8.487642E-05,0.03783313,0.08777529,0.6549825
237,0.201681,0.001259626,0.01638046,8.487512E-05,0.03783296,0.08777799,0.6549831
238,0.2016778,0.001259635,0.01638018,8.487392E-05,0.03783295,0.08778121,0.6549834
239,0.2016742,0.001259651,0.01637997,8.487283E-05,0.03783312,0.0877848,0.6549833
240,0.2016703,0.001259672,0.01637984,8.487191E-05,0.03783344,0.08778873,0.6549832
241,0.2016662,0.001259699,0.0163798,8.487119E-05,0.03783394,0.08779292,0.6549825
242,0.201662,0.001259729,0.01637985,8.487063E-05,0.03783457,0.08779715,0.6549819
243,0.2016578,0.001259763,0.01638,8.487029E-05,0.03783535,0.0878014,0.6549807
244,0.2016538,0.0012598,0.01638022,8.487015E-05,0.03783622,0.08780552,0.6549796
245,0.2016501,0.001259839,0.01638054,8.487023E-05,0.0378372,0.08780941,0.654978
246,0.2016467,0.001259879,0.01638094,8.487049E-05,0.03783825,0.08781294,0.6549764
247,0.2016437,0.001259917,0.01638141,8.48709E-05,0.03783929,0.08781599,0.6549748
248,0.2016415,0.001259955,0.01638194,8.487151E-05,0.03784037,0.08781853,0.6549729
249,0.2016398,0.00125999,0.01638251,8.487221E-05,0.03784141,0.08782043,0.6549711
250,0.2016388,0.001260021,0.01638312,8.487305E-05,0.03784239,0.08782163,0.6549692
251,0.2016384,0.001260047,0.01638374,8.487391E-05,0.03784326,0.08782206,0.6549675
252,0.2016389,0.001260068,0.01638436,8.487487E-05,0.03784405,0.08782183,0.6549659
253,0.2016401,0.001260082,0.01638496,8.487579E-05,0.03784466,0.08782077,0.6549644
254,0.2016421,0.00126009,0.01638553,8.487669E-05,0.03784514,0.08781897,0.6549632
255,0.2016448,0.00126009,0.01638605,8.487749E-05,0.0378454,0.08781647,0.6549623
256,0.2016481,0.001260082,0.01638649,8.487821E-05,0.03784548,0.08781329,0.6549617
257,0.2016519,0.001260067,0.01638686,8.487878E-05,0.03784536,0.08780951,0.6549614
258,0.2016563,0.001260044,0.01638714,8.487922E-05,0.03784502,0.08780527,0.6549614
259,0.2016609,0.001260014,0.01638731,8.487943E-05,0.03784448,0.08780061,0.6549618
260,0.2016658,0.001259978,0.01638736,8.487942E-05,0.03784374,0.08779568,0.6549626
261,0.2016706,0.001259935,0.0163873,8.487923E-05,0.0378428,0.08779061,0.6549638
262,0.2016756,0.001259889,0.01638713,8.487883E-05,0.03784173,0.08778554,0.6549652
263,0.2016804,0.001259838,0.01638683,8.487821E-05,0.03784051,0.08778057,0.654967
264,0.2016848,0.001259785,0.01638642,8.487739E-05,0.03783917,0.08777589,0.654969
265,0.2016887,0.001259731,0.01638592,8.487637E-05,0.03783777,0.08777159,0.6549714
266,0.2016922,0.001259678,0.01638532,8.487522E-05,0.03783633,0.08776785,0.6549738
267,0.201695,0.001259627,0.01638464,8.487392E-05,0.03783489,0.0877647,0.6549763
268,0.201697,0.001259579,0.01638389,8.487256E-05,0.0378335,0.08776227,0.654979
269,0.2016982,0.001259535,0.0163831,8.487114E-05,0.03783217,0.08776063,0.6549816
270,0.2016985,0.001259496,0.01638228,8.486969E-05,0.03783095,0.08775988,0.6549841
271,0.2016979,0.001259465,0.01638145,8.48683E-05,0.03782989,0.08776005,0.6549864
272,0.2016964,0.001259442,0.01638063,8.486697E-05,0.03782902,0.08776107,0.6549885
273,0.2016941,0.001259428,0.01637985,8.486579E-05,0.03782835,0.08776302,0.6549904
274,0.2016909,0.001259423,0.01637913,8.486478E-05,0.03782791,0.08776581,0.6549919
275,0.201687,0.001259427,0.01637848,8.486397E-05,0.03782772,0.08776944,0.6549931
276,0.2016824,0.001259441,0.01637793,8.486342E-05,0.03782781,0.08777374,0.6549938
277,0.2016772,0.001259465,0.01637748,8.486311E-05,0.03782814,0.08777869,0.6549942
278,0.2016716,0.001259498,0.01637716,8.486313E-05,0.03782875,0.0877841,0.654994
279,0.2016657,0.00125954,0.01637697,8.486345E-05,0.03782961,0.08778991,0.6549934
280,0.2016596,0.001259589,0.01637692,8.486413E-05,0.03783071,0.08779592,0.6549924
281,0.2016536,0.001259645,0.01637701,8.486507E-05,0.037832,0.08780198,0.6549909
282,0.2016478,0.001259705,0.01637724,8.486635E-05,0.0378335,0.08780793,0.6549891
283,0.2016423,0.001259771,0.01637763,8.486796E-05,0.03783516,0.08781365,0.6549867
284,0.2016373,0.001259838,0.01637814,8.486978E-05,0.03783692,0.08781895,0.6549839
285,0.201633,0.001259906,0.01637878,8.487188E-05,0.03783876,0.08782368,0.654981
286,0.2016293,0.001259972,0.01637951,8.487413E-05,0.03784062,0.08782765,0.654978
287,0.2016266,0.001260036,0.01638035,8.487653E-05,0.03784246,0.08783084,0.6549748
288,0.2016249,0.001260095,0.01638125,8.487902E-05,0.03784424,0.08783311,0.6549715
289,0.2016242,0.001260149,0.0163822,8.488153E-05,0.0378459,0.0878344,0.6549683
290,0.2016245,0.001260194,0.01638318,8.4884E-05,0.03784739,0.08783463,0.6549652
291,0.2016259,0.001260232,0.01638416,8.488636E-05,0.03784868,0.08783381,0.6549624
292,0.2016284,0.001260259,0.01638512,8.488855E-05,0.03784975,0.08783191,0.6549597
293,0.2016319,0.001260276,0.01638602,8.489058E-05,0.03785055,0.08782902,0.6549574
294,0.2016362,0.001260281,0.01638686,8.489225E-05,0.03785104,0.0878251,0.6549555
295,0.2016415,0.001260274,0.0163876,8.489362E-05,0.03785122,0.08782036,0.6549541
296,0.2016476,0.001260257,0.01638823,8.489464E-05,0.0378511,0.08781487,0.6549531
297,0.2016541,0.001260227,0.01638872,8.48952E-05,0.03785062,0.08780867,0.6549528
298,0.201661,0.001260188,0.01638907,8.489535E-05,0.03784985,0.08780206,0.6549529
299,0.2016682,0.001260138,0.01638927,8.489504E-05,0.03784878,0.08779512,0.6549536
300,0.2016755,0.001260081,0.0163893,8.489429E-05,0.03784745,0.08778807,0.6549548
301,0.2016825,0.001260015,0.01638917,8.489304E-05,0.03784584,0.08778104,0.6549565
302,0.2016892,0.001259944,0.01638887,8.489137E-05,0.03784403,0.08777426,0.6549588
303,0.2016954,0.00125987,0.01638842,8.488929E-05,0.03784208,0.08776795,0.6549613
304,0.201701,0.001259793,0.01638782,8.488687E-05,0.03784,0.08776221,0.6549644
305,0.2017056,0.001259716,0.01638709,8.488409E-05,0.03783783,0.08775722,0.6549677
306,0.2017093,0.001259642,0.01638625,8.488106E-05,0.03783568,0.08775319,0.654971
307,0.201712,0.001259572,0.01638532,8.487785E-05,0.03783358,0.08775017,0.6549745
308,0.2017134,0.001259507,0.01638432,8.487448E-05,0.03783156,0.08774824,0.6549781
309,0.2017135,0.001259449,0.01638328,8.487108E-05,0.0378297,0.08774751,0.6549817
310,0.2017124,0.001259401,0.01638222,8.486772E-05,0.03782804,0.08774805,0.654985
311,0.20171,0.001259363,0.01638117,8.486444E-05,0.03782662,0.08774976,0.6549882
312,0.2017065,0.001259337,0.01638017,8.48614E-05,0.03782549,0.08775271,0.654991
313,0.2017018,0.001259323,0.01637924,8.485856E-05,0.03782468,0.08775681,0.6549932
314,0.2016962,0.001259321,0.0163784,8.48561E-05,0.03782421,0.08776194,0.6549951
315,0.2016896,0.001259333,0.01637767,8.485402E-05,0.03782409,0.08776799,0.6549965
316,0.2016822,0.001259357,0.01637708,8.485238E-05,0.03782434,0.08777483,0.6549973
317,0.2016744,0.001259393,0.01637665,8.485124E-05,0.03782494,0.08778224,0.6549975
318,0.2016662,0.001259441,0.01637638,8.485063E-05,0.03782589,0.08779012,0.6549971
319,0.2016579,0.001259498,0.01637629,8.485059E-05,0.03782718,0.08779819,0.6549962
320,0.2016496,0.001259564,0.01637638,8.485102E-05,0.03782874,0.08780621,0.6549947
321,0.2016416,0.001259637,0.01637664,8.485205E-05,0.03783056,0.08781403,0.6549927
322,0.2016343,0.001259716,0.01637709,8.485362E-05,0.03783261,0.08782149,0.65499
323,0.2016275,0.001259797,0.01637769,8.485563E-05,0.03783478,0.0878282,0.6549871
324,0.2016218,0.001259878,0.01637843,8.48581E-05,0.03783706,0.08783414,0.6549838
325,0.201617,0.001259958,0.01637931,8.486093E-05,0.03783939,0.08783907,0.6549804
326,0.2016136,0.001260035,0.01638029,8.486409E-05,0.03784169,0.08784284,0.6549767
327,0.2016114,0.001260107,0.01638135,8.486753E-05,0.03784393,0.08784537,0.6549729
328,0.2016107,0.00126017,0.01638247,8.487111E-05,0.03784599,0.08784655,0.6549693
329,0.2016114,0.001260224,0.01638359,8.487476E-05,0.03784788,0.08784635,0.6549656
330,0.2016136,0.001260267,0.01638471,8.48784E-05,0.0378495,0.08784469,0.6549624
331,0.2016171,0.001260297,0.01638579,8.48819E-05,0.03785082,0.08784166,0.6549594
332,0.2016219,0.001260314,0.0163868,8.488524E-05,0.03785181,0.08783734,0.6549569
333,0.201628,0.001260318,0.01638771,8.48883E-05,0.03785242,0.08783176,0.6549549
334,0.2016352,0.001260307,0.01638848,8.489097E-05,0.03785265,0.08782505,0.6549534
335,0.2016432,0.001260282,0.01638911,8.489327E-05,0.03785249,0.08781745,0.6549525
336,0.201652,0.001260244,0.01638956,8.489507E-05,0.03785193,0.08780909,0.6549524
337,0.2016611,0.001260193,0.01638982,8.489635E-05,0.03785097,0.08780019,0.6549528
338,0.2016705,0.001260131,0.0163899,8.489706E-05,0.03784966,0.08779104,0.654954
339,0.2016799,0.001260059,0.01638976,8.489723E-05,0.03784803,0.08778185,0.6549556
340,0.201689,0.001259979,0.01638943,8.48968E-05,0.03784609,0.08777281,0.6549578
341,0.2016975,0.001259894,0.01638891,8.489583E-05,0.03784392,0.08776422,0.6549606
342,0.2017053,0.001259806,0.01638819,8.489429E-05,0.03784159,0.08775634,0.6549639
343,0.2017121,0.001259717,0.01638732,8.489232E-05,0.03783913,0.08774937,0.6549675
344,0.2017177,0.001259629,0.0163863,8.488988E-05,0.03783661,0.08774351,0.6549713
345,0.201722,0.001259545,0.01638516,8.488709E-05,0.03783412,0.08773895,0.6549754
346,0.2017248,0.001259468,0.01638394,8.488401E-05,0.03783173,0.08773582,0.6549795
347,0.201726,0.001259399,0.01638265,8.48807E-05,0.03782947,0.08773421,0.6549835
348,0.2017255,0.001259341,0.01638134,8.487727E-05,0.03782745,0.08773422,0.6549873
349,0.2017234,0.001259296,0.01638005,8.487384E-05,0.03782571,0.08773585,0.6549909
350,0.2017196,0.001259264,0.01637881,8.487044E-05,0.03782427,0.08773908,0.6549941
351,0.2017143,0.001259249,0.01637766,8.486725E-05,0.03782325,0.08774391,0.6549968
352,0.2017077,0.001259249,0.01637663,8.486433E-05,0.03782265,0.08775018,0.6549988
353,0.2016998,0.001259265,0.01637575,8.486171E-05,0.03782247,0.08775769,0.6550002
354,0.2016907,0.001259296,0.01637504,8.485947E-05,0.03782272,0.0877663,0.6550011
355,0.2016809,0.001259344,0.01637453,8.485774E-05,0.03782343,0.08777586,0.6550011
356,0.2016706,0.001259405,0.01637426,8.485655E-05,0.03782459,0.08778607,0.6550002
357,0.2016599,0.00125948,0.01637421,8.485588E-05,0.03782614,0.08779664,0.6549988
358,0.2016491,0.001259566,0.01637439,8.485581E-05,0.03782808,0.08780733,0.6549966
359,0.2016387,0.00125966,0.01637481,8.48563E-05,0.03783032,0.08781783,0.6549938
360,0.2016289,0.001259761,0.01637547,8.485739E-05,0.03783286,0.08782791,0.6549903
361,0.2016199,0.001259866,0.01637634,8.485898E-05,0.0378356,0.08783719,0.6549863
362,0.201612,0.001259972,0.01637741,8.486111E-05,0.03783846,0.08784546,0.6549819
363,0.2016054,0.001260076,0.01637864,8.486361E-05,0.03784136,0.08785246,0.6549772
364,0.2016004,0.001260175,0.01638004,8.486654E-05,0.03784428,0.08785807,0.6549721
365,0.2015969,0.001260266,0.01638152,8.486968E-05,0.03784705,0.08786198,0.6549674
366,0.2015954,0.001260348,0.01638309,8.487307E-05,0.03784966,0.08786414,0.6549625
367,0.2015957,0.001260415,0.01638468,8.487648E-05,0.03785199,0.08786444,0.6549578
368,0.2015979,0.001260469,0.01638626,8.48799E-05,0.03785399,0.08786283,0.6549537
369,0.2016021,0.001260506,0.01638779,8.488324E-05,0.03785561,0.08785937,0.6549498
370,0.2016079,0.001260525,0.01638922,8.488636E-05,0.03785678,0.08785409,0.6549466
371,0.2016155,0.001260524,0.01639051,8.488913E-05,0.03785747,0.08784703,0.6549441
372,0.2016245,0.001260504,0.01639162,8.489149E-05,0.03785762,0.08783849,0.6549424
373,0.2016348,0.001260466,0.01639252,8.489339E-05,0.03785726,0.08782857,0.6549415
374,0.2016461,0.001260409,0.01639319,8.489474E-05,0.03785636,0.08781754,0.6549416
375,0.2016581,0.001260335,0.0163936,8.48955E-05,0.03785497,0.08780576,0.6549423
376,0.2016705,0.001260244,0.01639372,8.48956E-05,0.03785304,0.08779339,0.6549442
377,0.201683,0.00126014,0.01639356,8.489507E-05,0.03785069,0.08778086,0.6549468
378,0.2016952,0.001260024,0.01639312,8.489384E-05,0.03784793,0.0877684,0.6549504
379,0.2017068,0.001259902,0.01639239,8.4892E-05,0.03784486,0.08775651,0.6549547
380,0.2017175,0.001259773,0.0163914,8.488958E-05,0.03784153,0.08774541,0.6549595
381,0.201727,0.001259643,0.01639017,8.48866E-05,0.03783806,0.08773542,0.6549648
382,0.2017349,0.001259514,0.01638871,8.488315E-05,0.03783447,0.08772679,0.6549707
383,0.2017411,0.001259391,0.01638708,8.487931E-05,0.03783091,0.08771989,0.6549768
384,0.2017453,0.001259276,0.01638529,8.487519E-05,0.03782748,0.08771483,0.6549829
385,0.2017475,0.001259173,0.01638342,8.487091E-05,0.03782427,0.08771184,0.6549889
386,0.2017474,0.001259085,0.01638149,8.486657E-05,0.03782134,0.087711,0.6549948
387,0.2017452,0.001259014,0.01637956,8.486229E-05,0.0378188,0.08771235,0.6550003
388,0.2017406,0.001258962,0.01637767,8.485821E-05,0.0378167,0.08771589,0.6550054
389,0.2017341,0.001258933,0.0163759,8.485448E-05,0.03781518,0.08772167,0.6550094
390,0.2017254,0.001258924,0.01637426,8.48511E-05,0.03781418,0.08772937,0.655013
391,0.2017151,0.00125894,0.01637283,8.484835E-05,0.03781383,0.08773903,0.6550153
392,0.2017032,0.001258979,0.01637163,8.484615E-05,0.03781409,0.08775029,0.655017
393,0.20169,0.00125904,0.0163707,8.484469E-05,0.03781502,0.08776292,0.6550174
394,0.2016759,0.001259122,0.01637007,8.484394E-05,0.03781655,0.08777658,0.6550168
395,0.2016613,0.001259224,0.01636976,8.484408E-05,0.0378187,0.08779094,0.6550152
396,0.2016466,0.001259344,0.01636979,8.484501E-05,0.03782139,0.08780565,0.6550124
397,0.201632,0.001259477,0.01637015,8.484674E-05,0.03782456,0.08782023,0.6550087
398,0.2016182,0.001259622,0.01637086,8.484931E-05,0.03782818,0.08783441,0.6550039
399,0.2016051,0.001259773,0.01637187,8.485257E-05,0.03783208,0.08784769,0.6549985
400,0.2015937,0.001259929,0.01637319,8.485663E-05,0.03783627,0.08785983,0.6549922
401,0.2015838,0.001260085,0.01637478,8.48612E-05,0.03784057,0.08787036,0.6549855
402,0.201576,0.001260236,0.0163766,8.486632E-05,0.03784488,0.08787907,0.6549783
403,0.2015704,0.001260378,0.01637861,8.487181E-05,0.03784911,0.08788563,0.6549711
404,0.2015672,0.001260508,0.01638076,8.487751E-05,0.03785311,0.08788984,0.6549637
405,0.2015666,0.001260622,0.01638299,8.488336E-05,0.03785681,0.08789161,0.6549565
406,0.2015686,0.001260717,0.01638524,8.488911E-05,0.0378601,0.08789079,0.6549496
407,0.2015731,0.00126079,0.01638746,8.489464E-05,0.03786284,0.08788734,0.6549435
408,0.2015803,0.001260838,0.0163896,8.489985E-05,0.03786501,0.08788141,0.6549379
409,0.2015897,0.001260861,0.01639157,8.490455E-05,0.03786651,0.08787303,0.6549334
410,0.2016013,0.001260857,0.01639334,8.490858E-05,0.0378673,0.0878624,0.6549299
411,0.2016149,0.001260825,0.01639486,8.491192E-05,0.03786735,0.08784985,0.6549273
412,0.2016298,0.001260767,0.01639608,8.491435E-05,0.03786663,0.08783557,0.6549261
413,0.2016461,0.001260684,0.01639698,8.49159E-05,0.03786519,0.08782001,0.6549261
414,0.2016631,0.001260576,0.0163975,8.491639E-05,0.03786299,0.08780348,0.6549274
415,0.2016805,0.001260448,0.01639765,8.491588E-05,0.03786016,0.08778651,0.6549299
416,0.2016976,0.001260301,0.0163974,8.49143E-05,0.03785669,0.08776943,0.6549336
417,0.2017143,0.00126014,0.01639677,8.491174E-05,0.0378527,0.0877528,0.6549384
418,0.2017298,0.001259967,0.01639576,8.490813E-05,0.03784828,0.08773699,0.6549443
419,0.201744,0.00125979,0.01639441,8.490372E-05,0.03784355,0.08772253,0.6549509
420,0.2017561,0.00125961,0.01639271,8.489839E-05,0.03783859,0.08770968,0.6549585
421,0.2017661,0.001259434,0.01639074,8.48924E-05,0.03783358,0.08769895,0.6549663
422,0.2017735,0.001259267,0.01638854,8.488588E-05,0.03782864,0.08769061,0.6549746
423,0.2017781,0.001259111,0.01638617,8.487896E-05,0.03782387,0.08768491,0.6549829
424,0.2017798,0.001258973,0.01638368,8.48718E-05,0.03781943,0.08768204,0.6549911
425,0.2017785,0.001258856,0.01638114,8.486463E-05,0.03781544,0.08768218,0.654999
426,0.2017741,0.001258762,0.01637862,8.485757E-05,0.03781199,0.08768529,0.6550064
427,0.2017668,0.001258696,0.01637618,8.485084E-05,0.03780919,0.08769138,0.655013
428,0.2017566,0.001258658,0.01637389,8.484458E-05,0.03780713,0.08770027,0.6550186
429,0.2017438,0.001258651,0.01637182,8.483898E-05,0.03780586,0.08771183,0.6550232
430,0.2017287,0.001258675,0.01637002,8.48342E-05,0.03780544,0.08772577,0.6550265
431,0.2017117,0.00125873,0.01636855,8.483038E-05,0.03780589,0.08774178,0.6550285
432,0.2016933,0.001258814,0.01636745,8.482761E-05,0.03780719,0.08775942,0.655029
433,0.2016738,0.001258926,0.01636675,8.482595E-05,0.03780933,0.08777822,0.6550282
434,0.2016538,0.001259063,0.01636647,8.482548E-05,0.03781226,0.08779772,0.6550258
435,0.2016338,0.001259222,0.01636664,8.482627E-05,0.03781591,0.08781747,0.6550221
436,0.2016143,0.001259398,0.01636725,8.482821E-05,0.0378202,0.08783683,0.6550173
437,0.2015959,0.001259587,0.01636829,8.483138E-05,0.03782502,0.08785535,0.655011
438,0.201579,0.001259785,0.01636974,8.483561E-05,0.03783024,0.08787251,0.6550038
439,0.2015644,0.001259987,0.01637157,8.484092E-05,0.03783576,0.08788782,0.6549957
440,0.2015521,0.001260185,0.01637371,8.484708E-05,0.03784138,0.08790081,0.654987
441,0.2015426,0.001260376,0.01637614,8.485396E-05,0.03784698,0.08791113,0.6549779
442,0.2015363,0.001260554,0.01637879,8.486143E-05,0.03785243,0.08791847,0.6549686
443,0.2015334,0.001260715,0.01638158,8.48693E-05,0.03785756,0.08792258,0.6549593
444,0.2015339,0.001260852,0.01638444,8.487731E-05,0.03786222,0.0879233,0.6549504
445,0.2015379,0.001260964,0.0163873,8.488534E-05,0.03786629,0.08792057,0.6549421
446,0.2015454,0.001261045,0.01639008,8.48931E-05,0.03786964,0.08791433,0.6549346
447,0.2015562,0.001261094,0.0163927,8.490045E-05,0.0378722,0.08790485,0.654928
448,0.2015701,0.001261108,0.01639508,8.490712E-05,0.03787384,0.08789219,0.6549228
449,0.2015866,0.001261088,0.01639716,8.4913E-05,0.03787455,0.08787673,0.6549189
450,0.2016056,0.001261032,0.01639888,8.491791E-05,0.03787428,0.0878588,0.6549165
451,0.2016264,0.001260942,0.01640019,8.492171E-05,0.03787303,0.08783884,0.6549157
452,0.2016486,0.00126082,0.01640104,8.492428E-05,0.03787082,0.08781742,0.6549163
453,0.2016714,0.001260669,0.0164014,8.492554E-05,0.03786767,0.08779506,0.6549188
454,0.2016944,0.001260492,0.01640125,8.492541E-05,0.03786366,0.08777227,0.654923
455,0.201717,0.001260294,0.01640059,8.492393E-05,0.03785894,0.08774973,0.6549285
456,0.2017386,0.00126008,0.01639945,8.492119E-05,0.0378536,0.08772814,0.6549353
457,0.2017583,0.001259855,0.01639781,8.491713E-05,0.03784774,0.0877079,0.6549435
458,0.2017759,0.001259627,0.01639574,8.491193E-05,0.03784155,0.08768974,0.6549525
459,0.2017908,0.0012594,0.01639329,8.490568E-05,0.03783519,0.08767413,0.6549622
460,0.2018025,0.001259181,0.0163905,8.489855E-05,0.03782882,0.08766145,0.6549726
461,0.2018106,0.001258976,0.01638746,8.489078E-05,0.03782263,0.08765225,0.6549831
462,0.201815,0.001258792,0.01638424,8.488253E-05,0.03781677,0.08764673,0.6549937
463,0.2018153,0.001258632,0.01638093,8.487399E-05,0.03781143,0.08764508,0.6550037
464,0.2018115,0.001258502,0.01637761,8.486539E-05,0.03780673,0.08764745,0.6550133
465,0.2018038,0.001258407,0.01637438,8.485699E-05,0.03780283,0.08765379,0.655022
466,0.2017921,0.001258349,0.01637132,8.484905E-05,0.03779985,0.08766406,0.6550295
467,0.2017768,0.001258329,0.01636851,8.484173E-05,0.03779786,0.08767796,0.6550357
468,0.2017582,0.00125835,0.01636605,8.483528E-05,0.03779696,0.08769524,0.6550403
469,0.2017369,0.001258412,0.01636401,8.48299E-05,0.03779718,0.08771551,0.6550432
470,0.2017133,0.001258514,0.01636245,8.482576E-05,0.03779856,0.08773825,0.655044
471,0.201688,0.001258653,0.0163614,8.482289E-05,0.03780103,0.08776279,0.6550433
472,0.2016617,0.001258826,0.01636092,8.482143E-05,0.03780454,0.08778859,0.6550406
473,0.2016352,0.001259029,0.01636103,8.482149E-05,0.03780906,0.08781496,0.6550359
474,0.2016089,0.001259257,0.01636172,8.482299E-05,0.03781443,0.08784119,0.6550297
475,0.2015839,0.001259506,0.01636301,8.482602E-05,0.03782057,0.08786657,0.6550216
476,0.2015605,0.001259766,0.01636485,8.483038E-05,0.03782728,0.0878904,0.6550124
477,0.2015397,0.001260033,0.01636721,8.483608E-05,0.03783443,0.08791206,0.6550018
478,0.201522,0.001260299,0.01637005,8.484296E-05,0.03784182,0.08793087,0.6549901
479,0.2015078,0.001260557,0.01637327,8.485081E-05,0.03784923,0.08794633,0.6549779
480,0.2014976,0.0012608,0.01637682,8.485945E-05,0.03785648,0.08795791,0.6549655
481,0.2014919,0.00126102,0.0163806,8.486862E-05,0.03786336,0.08796529,0.654953
482,0.2014907,0.001261212,0.0163845,8.487811E-05,0.03786968,0.08796819,0.6549408
483,0.2014941,0.00126137,0.01638843,8.488762E-05,0.03787525,0.08796641,0.6549296
