EwEVersion,"6.6.7.17812 (compiled 28/02/2022)"
Date,"26/02/2023 11:47:51 AM"
ModelName,CS_model_V1_110722
EcosimScenario,"New Ecosim scenario"
TimeSeries,(none)
StartYear,2020

Data,"Prey of Mantis shrimp"

year\group,"Western King Prawn","Other prawns","Sea snails",Sponges,Bivalves,Polychaetes,Seagrass,Macroalgae,"Macroalgal Epiphytes",Microphytobenthos,Detritus,
2020,0.0009122693,0.000911874,0.000912209,4.876763E-05,9.121277E-05,0.3648062,0.009163529,0.04581561,0.01832628,0.009164534,0.5498476
2021,0.0009122966,0.0009119143,0.0009123026,4.876334E-05,9.119831E-05,0.3648303,0.009162699,0.04581226,0.01832523,0.009163982,0.5498291
2022,0.0009122493,0.0009118931,0.0009122868,4.876367E-05,9.119179E-05,0.364823,0.009161799,0.045812,0.01832495,0.009164319,0.5498375
2023,0.0009123053,0.0009117127,0.000912298,4.8768E-05,9.11933E-05,0.3647773,0.009164389,0.04581663,0.0183267,0.009165895,0.5498728
2024,0.0009123625,0.0009116979,0.000912415,4.877152E-05,9.119924E-05,0.3647796,0.009164239,0.04581695,0.01832701,0.009165736,0.54987
2025,0.0009123094,0.00091179,0.0009123809,4.876979E-05,9.12013E-05,0.364803,0.009161615,0.04581505,0.01832592,0.009165205,0.5498528
2026,0.0009122938,0.000911778,0.0009123237,4.876384E-05,9.119153E-05,0.3647908,0.009164764,0.04581863,0.01832722,0.009165646,0.5498565
2027,0.0009123429,0.0009118247,0.000912438,4.876255E-05,9.118388E-05,0.3647976,0.009166442,0.04582038,0.01832829,0.009165124,0.5498457
2028,0.0009122984,0.0009119511,0.0009124363,4.87684E-05,9.119183E-05,0.3648293,0.009161839,0.04581651,0.01832647,0.009164152,0.549825
2029,0.0009122617,0.0009119209,0.0009122899,4.876974E-05,9.119726E-05,0.3648156,0.009163513,0.04581766,0.01832662,0.009164528,0.5498356
2030,0.0009123367,0.0009118611,0.0009123522,4.876362E-05,9.118873E-05,0.3647979,0.009167551,0.04582072,0.01832844,0.009164656,0.5498442
2031,0.0009123322,0.0009118845,0.0009124438,4.876148E-05,9.118288E-05,0.364813,0.009162541,0.04581769,0.0183272,0.009164559,0.5498384
2032,0.0009122862,0.0009117888,0.0009123656,4.87647E-05,9.118328E-05,0.3647918,0.009162269,0.04581878,0.01832704,0.009165841,0.5498579
2033,0.0009123602,0.0009117702,0.0009124367,4.876668E-05,9.118393E-05,0.3647813,0.009168436,0.04582248,0.0183291,0.00916557,0.5498567
2034,0.0009123382,0.0009119993,0.0009124954,4.876779E-05,9.119113E-05,0.364839,0.009163239,0.04581661,0.018327,0.009163368,0.5498139
2035,0.0009122234,0.0009119829,0.0009122689,4.876536E-05,9.119278E-05,0.3648321,0.009160134,0.04581538,0.01832559,0.009164189,0.5498262
2036,0.000912329,0.0009117431,0.0009123091,4.875918E-05,9.11777E-05,0.364767,0.009169496,0.04582414,0.01832955,0.00916604,0.5498675
2037,0.0009124097,0.0009118458,0.0009125916,4.876207E-05,9.117602E-05,0.3648034,0.009165816,0.04582055,0.01832883,0.009164629,0.54984
2038,0.0009122502,0.0009119634,0.0009124089,4.877068E-05,9.119271E-05,0.3648377,0.009157339,0.04581378,0.01832497,0.009164304,0.5498253
2039,0.0009122791,0.0009117985,0.0009122403,4.87668E-05,9.118998E-05,0.364781,0.009168337,0.04582217,0.01832843,0.009165657,0.5498582
2040,0.0009124128,0.0009119028,0.0009125214,4.875963E-05,9.117869E-05,0.3648079,0.009169404,0.04582183,0.01832961,0.009163926,0.5498306
2041,0.0009122542,0.0009120203,0.0009124337,4.876345E-05,9.118494E-05,0.3648505,0.009155762,0.04581271,0.01832475,0.009163785,0.5498159
2042,0.0009122504,0.0009117038,0.0009122151,4.876516E-05,9.118286E-05,0.3647621,0.009166102,0.04582255,0.0183281,0.009166923,0.5498781
2043,0.0009124679,0.0009117789,0.0009125809,4.876365E-05,9.117724E-05,0.3647781,0.009173613,0.0458256,0.01833126,0.009164869,0.5498498
2044,0.0009122789,0.0009121673,0.0009125334,4.876876E-05,9.119429E-05,0.3648884,0.009154481,0.04580958,0.01832394,0.009162066,0.5497846
2045,0.0009121451,0.0009118347,0.0009120526,4.876492E-05,9.119137E-05,0.364792,0.009161443,0.04581813,0.0183258,0.009166121,0.5498605
2046,0.0009124821,0.0009116163,0.0009124759,4.875536E-05,9.116553E-05,0.3647301,0.009179172,0.04583137,0.0183335,0.009166453,0.5498828
2047,0.0009123904,0.0009121054,0.0009127639,4.876581E-05,9.118168E-05,0.3648786,0.009156188,0.04581165,0.01832549,0.009162201,0.5497887
2048,0.0009120766,0.0009119411,0.0009120796,4.877393E-05,9.120203E-05,0.3648292,0.009153587,0.04581191,0.0183228,0.009165473,0.549841
2049,0.0009124292,0.0009115721,0.0009122756,4.875938E-05,9.117544E-05,0.3647104,0.009183101,0.04583373,0.018334,0.009167035,0.5498955
2050,0.0009124876,0.0009121422,0.0009128582,4.8759E-05,9.117538E-05,0.3648795,0.009161869,0.04581454,0.01832765,0.009161206,0.5497778
2051,0.000912019,0.0009120651,0.0009121211,4.877064E-05,9.119882E-05,0.3648688,0.00914443,0.0458055,0.01831995,0.009164684,0.5498204
2052,0.0009123665,0.0009113536,0.0009121017,4.876078E-05,9.117233E-05,0.3646567,0.009184576,0.04583752,0.01833456,0.009169661,0.5499412
2053,0.0009126518,0.0009120376,0.0009130579,4.876065E-05,9.117068E-05,0.3648496,0.009171784,0.04582122,0.01833146,0.009161274,0.549787
2054,0.0009119732,0.0009124134,0.0009122454,4.877623E-05,9.121311E-05,0.3649637,0.009133836,0.04579455,0.01831579,0.009161393,0.5497541
2055,0.0009121723,0.0009113234,0.000911697,4.875971E-05,9.117997E-05,0.3646429,0.009181096,0.04583604,0.01833243,0.009170995,0.5499614
2056,0.0009128346,0.0009117175,0.0009131329,4.874915E-05,9.114738E-05,0.3647573,0.009187917,0.04583505,0.01833803,0.009163487,0.5498406
2057,0.0009120705,0.0009126253,0.0009126703,4.877854E-05,9.120928E-05,0.3650343,0.009125311,0.04578699,0.01831375,0.009158886,0.5497034
2058,0.0009119124,0.0009114142,0.0009113622,4.877258E-05,9.120307E-05,0.3646732,0.009168799,0.04582733,0.01832687,0.009171518,0.5499576
2059,0.0009129402,0.0009114151,0.0009129567,4.874447E-05,9.114173E-05,0.364658,0.009207939,0.04585015,0.01834461,0.009165706,0.5498964
2060,0.0009122587,0.0009129007,0.000913143,4.877057E-05,9.11984E-05,0.365108,0.009123364,0.0457826,0.01831408,0.009155116,0.5496386
2061,0.0009116029,0.0009115934,0.0009110841,4.877805E-05,9.12161E-05,0.3647355,0.009146975,0.04581278,0.01831871,0.009171636,0.54994
2062,0.0009129936,0.0009108293,0.000912643,4.874228E-05,9.112995E-05,0.3644926,0.00922922,0.0458698,0.01835194,0.009171216,0.5500088
2063,0.0009126241,0.0009130763,0.000913847,4.876858E-05,9.118734E-05,0.3651538,0.009132021,0.04578494,0.01831829,0.009151266,0.5495802
2064,0.0009112316,0.0009122096,0.0009109083,4.879081E-05,9.125E-05,0.3649125,0.009113899,0.04578553,0.01830575,0.009167577,0.5498403
2065,0.0009128244,0.000910233,0.0009118517,4.873566E-05,9.112505E-05,0.3643153,0.009246633,0.04588766,0.0183569,0.00917801,0.5501407
2066,0.0009131956,0.0009128454,0.0009146382,4.875111E-05,9.114493E-05,0.3650857,0.0091584,0.04580342,0.01833005,0.009150425,0.5495914
2067,0.0009109893,0.0009130067,0.0009112482,4.88076E-05,9.127773E-05,0.365157,0.009072056,0.04575088,0.01829096,0.009161203,0.5496926
2068,0.0009123702,0.000909776,0.000910718,4.874704E-05,9.115079E-05,0.3641822,0.009250082,0.04589487,0.01835538,0.009184935,0.5502598
2069,0.0009138549,0.0009123436,0.0009151797,4.872919E-05,9.110136E-05,0.3649211,0.009206254,0.04583721,0.01834846,0.009151489,0.5496542
2070,0.0009109513,0.0009140928,0.000912067,4.881179E-05,9.129009E-05,0.3654756,0.009029265,0.04571242,0.01827693,0.009150847,0.5494778
2071,0.0009115994,0.0009094682,0.0009093261,4.876197E-05,9.118467E-05,0.3641076,0.009229812,0.04588711,0.01834539,0.00919241,0.5503674
2072,0.0009145759,0.0009111812,0.0009154131,4.870755E-05,9.104558E-05,0.3645743,0.009276592,0.04589207,0.01837464,0.009158797,0.5498428
2073,0.000911307,0.0009153915,0.0009136401,4.881706E-05,9.129549E-05,0.3658484,0.00899672,0.04567633,0.01826745,0.009136057,0.5491946
2074,0.000910419,0.0009098868,0.0009077234,4.879008E-05,9.125789E-05,0.3642363,0.00917381,0.04584894,0.01832115,0.009194854,0.5503569
2075,0.0009150976,0.0009093786,0.0009147518,4.867545E-05,9.09814E-05,0.3640352,0.009365517,0.045966,0.01840602,0.009173524,0.5501748
2076,0.0009122961,0.0009163627,0.0009160856,4.880168E-05,9.124918E-05,0.3661291,0.008993995,0.04566213,0.01827146,0.009121118,0.5489374
2077,0.0009090062,0.0009111548,0.0009065588,4.883891E-05,9.136132E-05,0.3646285,0.009073078,0.04577339,0.01828112,0.009190367,0.5501866
2078,0.0009151045,0.0009071552,0.000912848,4.865906E-05,9.09517E-05,0.3633706,0.009457309,0.04604569,0.01843491,0.009195104,0.5506216
2079,0.0009139739,0.0009168033,0.0009190424,4.876117E-05,9.115731E-05,0.3662301,0.009044018,0.0456848,0.01829547,0.009107276,0.5487487
2080,0.0009075822,0.0009135732,0.0009062964,4.888792E-05,9.147164E-05,0.3653566,0.008928459,0.04565753,0.01822672,0.009174773,0.5497881
2081,0.0009142804,0.0009045953,0.0009094907,4.865852E-05,9.095475E-05,0.3626277,0.009526418,0.04611644,0.01845282,0.009224911,0.5511838
2082,0.0009164172,0.000915956,0.0009222343,4.870071E-05,9.100777E-05,0.3659488,0.00917038,0.04576669,0.01834765,0.009101642,0.5487705
2083,0.0009065678,0.0009174338,0.0009077338,4.894369E-05,9.159014E-05,0.3664918,0.00875292,0.04550333,0.01816271,0.009142613,0.5490744
2084,0.0009121615,0.000902574,0.0009044083,4.868665E-05,9.103724E-05,0.3620436,0.00953393,0.04614406,0.01844401,0.0092566,0.5517189
2085,0.0009193959,0.0009131122,0.0009246333,4.860313E-05,9.078554E-05,0.3650708,0.009393615,0.04592831,0.01843351,0.009112476,0.5491648
2086,0.0009066798,0.0009222671,0.0009118588,4.898099E-05,9.165021E-05,0.3679072,0.008581803,0.04533778,0.01810513,0.009094904,0.5480917
2087,0.0009085317,0.0009019944,0.000898195,4.877074E-05,9.123333E-05,0.3619042,0.00943071,0.0460875,0.01839146,0.009282543,0.5520549
2088,0.0009223145,0.0009079434,0.000924831,4.849099E-05,9.053896E-05,0.3634892,0.009717588,0.04617248,0.0185489,0.009146084,0.5500317
2089,0.0009086297,0.0009275271,0.0009191248,4.896905E-05,9.160256E-05,0.3694064,0.008475108,0.04520234,0.01807639,0.009032714,0.5469112
2090,0.0009034254,0.0009040667,0.0008918697,4.890425E-05,9.154022E-05,0.3625602,0.009170976,0.04590374,0.01828036,0.009290677,0.5519543
2091,0.0009242722,0.0009000849,0.000921288,4.838124E-05,9.029706E-05,0.3611222,0.01011998,0.04648891,0.01868167,0.009211743,0.5514912
2092,0.0009132299,0.0009317285,0.0009298,4.889123E-05,9.13867E-05,0.3705529,0.008516771,0.04516304,0.01810787,0.00896575,0.5457786
2093,0.0008973542,0.0009104726,0.0008872958,4.909662E-05,9.197155E-05,0.3644713,0.008727767,0.04554968,0.01810058,0.009261212,0.5510532
2094,0.0009237867,0.0008903056,0.0009120802,4.830221E-05,9.014646E-05,0.3581853,0.01053459,0.04682783,0.01880176,0.009310443,0.5534754
2095,0.0009210198,0.0009324767,0.0009429124,4.87025E-05,9.091556E-05,0.3706393,0.008813311,0.04530834,0.01823681,0.00891376,0.5451524
2096,0.0008917265,0.000922257,0.0008875173,4.93236E-05,9.244685E-05,0.3679248,0.008124833,0.04501875,0.01786299,0.009176722,0.5490487
2097,0.0009191394,0.0008803994,0.0008962069,4.832176E-05,9.021605E-05,0.355229,0.0108313,0.047091,0.01885947,0.009434442,0.5557205
2098,0.0009317892,0.0009271351,0.0009556548,4.839359E-05,9.017897E-05,0.3688619,0.009479411,0.04572234,0.01849198,0.008902297,0.5455889
2099,0.000888771,0.0009399314,0.0008959812,4.951489E-05,9.281753E-05,0.3729801,0.007470977,0.04436146,0.01760896,0.009020734,0.5456907
2100,0.0009087034,0.0008735585,0.0008741049,4.849222E-05,9.061948E-05,0.3532136,0.01081089,0.04712541,0.01878701,0.009561168,0.5577065
2101,0.0009441976,0.0009126316,0.0009631412,4.797983E-05,8.92024E-05,0.364325,0.01061576,0.04647129,0.01888396,0.008968757,0.5477781
2102,0.0008916924,0.0009619169,0.000916551,4.95803E-05,9.284922E-05,0.3790912,0.006987291,0.04372579,0.01742576,0.008791911,0.5410655
2103,0.0008917178,0.000875332,0.0008488536,4.888224E-05,9.149868E-05,0.3537273,0.01022687,0.04671127,0.01850088,0.009637748,0.5584397
2104,0.0009547249,0.0008873977,0.000957567,4.751568E-05,8.813647E-05,0.3565435,0.01224515,0.0475482,0.01937813,0.009151139,0.5521985
2105,0.0009042124,0.0009824081,0.0009516978,4.936367E-05,9.217732E-05,0.3845348,0.007022821,0.04339403,0.01745527,0.008524712,0.5360885
2106,0.0008700762,0.000893075,0.0008280631,4.951728E-05,9.286086E-05,0.3587851,0.008900224,0.04562262,0.01793818,0.009579469,0.5564409
2107,0.0009569568,0.0008534808,0.0009301631,4.7166E-05,8.733592E-05,0.346142,0.01414445,0.04878922,0.01985951,0.00947415,0.5587156
2108,0.000929082,0.0009900328,0.000998587,4.872644E-05,9.049892E-05,0.3860625,0.008049748,0.04374839,0.01786166,0.008304956,0.5329158
2109,0.0008519195,0.0009365867,0.0008258253,5.013636E-05,9.41444E-05,0.3702,0.007222167,0.04390608,0.01723437,0.009235664,0.5494431
2110,0.0009411518,0.0008235574,0.000879,4.737179E-05,8.766161E-05,0.3375779,0.01452526,0.04941059,0.01992232,0.009895203,0.56589
2111,0.0009604302,0.0009539585,0.00103189,4.79556E-05,8.830166E-05,0.3763144,0.0101136,0.04526961,0.01867183,0.00846289,0.5380852
2112,0.0008527699,0.0009883536,0.0008633786,5.043887E-05,9.445896E-05,0.3844992,0.006043082,0.04243331,0.01675759,0.008733411,0.538684
2113,0.0009076578,0.0008306685,0.0008269169,4.803521E-05,8.924188E-05,0.3388726,0.01320066,0.04876638,0.01942557,0.0100251,0.5670072
2114,0.0009794086,0.000905629,0.001021568,4.724361E-05,8.668323E-05,0.3619714,0.01247812,0.04718238,0.01948834,0.008829558,0.5470096
2115,0.0008741926,0.001017191,0.000923651,5.017613E-05,9.350257E-05,0.3931755,0.005858453,0.04196884,0.01677705,0.008357366,0.5309041
2116,0.0008744597,0.0008605057,0.0007980094,4.891098E-05,9.123061E-05,0.3470837,0.01096499,0.0471743,0.0186075,0.009892783,0.5636037
2117,0.0009807101,0.0008602228,0.0009792572,4.690139E-05,8.60066E-05,0.3483418,0.01433423,0.04877839,0.02003935,0.009287319,0.5562658
2118,0.0009070474,0.001016428,0.0009845988,4.951172E-05,9.169406E-05,0.3936646,0.006692912,0.04254372,0.01725321,0.00819512,0.5286011
2119,0.0008511572,0.0009075035,0.0007975568,4.974837E-05,9.308287E-05,0.3603928,0.008648564,0.04516781,0.01772583,0.009528347,0.5558376
