EwEVersion,"6.6.7.17812 (compiled 28/02/2022)"
Date,"26/02/2023 11:47:51 AM"
ModelName,CS_model_V1_110722
EcosimScenario,"New Ecosim scenario"
TimeSeries,(none)
StartYear,2020

Data,"Prey of Sea Cucumbers"

timestep\group,Zooplankton,Seagrass,Macroalgae,Microphytobenthos,Detritus,
1,0.1053617,0.02107396,0.05268563,0.105368,0.7155107
2,0.1053561,0.02107348,0.0526833,0.1053732,0.7155139
3,0.1053529,0.02107381,0.05268313,0.1053776,0.7155125
4,0.1053497,0.02107395,0.05268299,0.1053807,0.7155126
5,0.1053469,0.02107405,0.05268288,0.1053831,0.7155132
6,0.1053445,0.02107413,0.05268279,0.1053849,0.7155137
7,0.1053426,0.02107422,0.05268275,0.1053862,0.7155142
8,0.1053412,0.02107432,0.05268271,0.105387,0.7155147
9,0.1053404,0.02107441,0.05268269,0.1053873,0.7155152
10,0.1053399,0.02107448,0.05268262,0.1053872,0.7155157
11,0.1053399,0.02107452,0.05268255,0.1053867,0.7155163
12,0.1053402,0.02107451,0.05268246,0.105386,0.7155168
13,0.1053409,0.02107447,0.05268233,0.1053851,0.7155172
14,0.1053418,0.02107436,0.05268218,0.105384,0.7155176
15,0.1053429,0.0210742,0.05268199,0.1053829,0.7155179
16,0.1053443,0.02107399,0.05268181,0.1053818,0.7155181
17,0.1053458,0.02107372,0.05268158,0.1053807,0.7155182
18,0.1053475,0.02107341,0.05268135,0.1053797,0.7155181
19,0.1053493,0.02107305,0.0526811,0.1053788,0.7155177
20,0.1053513,0.02107266,0.05268084,0.1053781,0.7155172
21,0.1053533,0.02107226,0.05268059,0.1053775,0.7155164
22,0.1053555,0.02107183,0.05268032,0.105377,0.7155154
23,0.1053576,0.02107141,0.05268004,0.1053767,0.7155142
24,0.1053598,0.02107101,0.05267978,0.1053765,0.7155128
25,0.1053622,0.02107065,0.05267956,0.1053766,0.715511
26,0.1053645,0.02107032,0.05267934,0.1053768,0.7155091
27,0.1053667,0.02107004,0.05267911,0.1053771,0.715507
28,0.105369,0.02106984,0.05267893,0.1053775,0.7155048
29,0.1053711,0.02106969,0.05267874,0.105378,0.7155025
30,0.1053732,0.02106963,0.05267859,0.1053787,0.7154999
31,0.1053752,0.02106964,0.05267847,0.1053794,0.7154972
32,0.1053771,0.02106974,0.05267837,0.1053802,0.7154946
33,0.1053789,0.02106992,0.05267829,0.105381,0.715492
34,0.1053805,0.02107018,0.05267824,0.1053819,0.7154893
35,0.1053819,0.02107052,0.05267825,0.1053827,0.7154866
36,0.1053831,0.02107091,0.05267825,0.1053836,0.7154841
37,0.1053842,0.02107136,0.05267828,0.1053844,0.7154818
38,0.1053851,0.02107186,0.05267833,0.1053852,0.7154796
39,0.1053857,0.02107237,0.0526784,0.1053859,0.7154777
40,0.1053861,0.02107292,0.0526785,0.1053865,0.715476
41,0.1053863,0.02107347,0.05267864,0.1053872,0.7154744
42,0.1053862,0.02107399,0.05267878,0.1053877,0.7154734
43,0.1053859,0.02107447,0.05267891,0.1053881,0.7154727
44,0.1053854,0.02107493,0.05267909,0.1053884,0.7154721
45,0.1053846,0.02107531,0.05267925,0.1053887,0.7154721
46,0.1053837,0.02107562,0.05267941,0.1053888,0.7154725
47,0.1053825,0.02107585,0.05267959,0.1053889,0.7154732
48,0.1053811,0.02107599,0.05267974,0.1053889,0.7154742
49,0.1053796,0.02107603,0.05267991,0.1053889,0.7154756
50,0.1053779,0.02107598,0.05268008,0.1053888,0.7154773
51,0.105376,0.02107581,0.0526802,0.1053887,0.7154794
52,0.105374,0.02107556,0.05268034,0.1053885,0.7154816
53,0.1053719,0.02107521,0.05268045,0.1053883,0.7154841
54,0.1053698,0.02107478,0.05268057,0.1053882,0.7154867
55,0.1053676,0.02107428,0.05268067,0.105388,0.7154895
56,0.1053653,0.02107373,0.05268077,0.1053878,0.7154924
57,0.1053631,0.02107313,0.05268085,0.1053877,0.7154952
58,0.1053609,0.02107249,0.05268094,0.1053875,0.7154981
59,0.1053586,0.02107187,0.052681,0.1053875,0.715501
60,0.1053565,0.02107125,0.05268108,0.1053875,0.7155038
61,0.1053545,0.02107066,0.05268115,0.1053875,0.7155062
62,0.1053524,0.02107012,0.05268122,0.1053876,0.7155086
63,0.1053506,0.02106966,0.05268132,0.1053877,0.7155106
64,0.1053489,0.02106928,0.05268141,0.105388,0.7155124
65,0.1053473,0.021069,0.05268151,0.1053882,0.7155139
66,0.105346,0.02106884,0.05268165,0.1053886,0.715515
67,0.1053448,0.02106879,0.0526818,0.1053889,0.7155157
68,0.1053438,0.02106888,0.05268196,0.1053893,0.715516
69,0.1053431,0.02106911,0.05268216,0.1053897,0.715516
70,0.1053425,0.02106945,0.05268233,0.1053901,0.7155157
71,0.1053421,0.02106994,0.05268257,0.1053905,0.7155149
72,0.105342,0.02107054,0.05268282,0.1053908,0.7155138
73,0.1053422,0.02107126,0.05268307,0.1053912,0.7155123
74,0.1053425,0.02107207,0.05268335,0.1053915,0.7155106
75,0.1053431,0.02107295,0.05268363,0.1053917,0.7155087
76,0.105344,0.0210739,0.05268393,0.1053919,0.7155064
77,0.105345,0.02107488,0.05268422,0.1053919,0.7155039
78,0.1053463,0.02107587,0.0526845,0.1053919,0.7155015
79,0.1053477,0.02107685,0.05268478,0.1053917,0.7154989
80,0.1053494,0.02107779,0.05268506,0.1053916,0.7154962
81,0.1053513,0.02107869,0.05268532,0.1053912,0.7154935
82,0.1053533,0.02107949,0.05268557,0.1053908,0.7154909
83,0.1053554,0.02108019,0.05268579,0.1053903,0.7154883
84,0.1053577,0.02108076,0.05268595,0.1053896,0.715486
85,0.1053601,0.0210812,0.05268611,0.1053889,0.7154837
86,0.1053625,0.02108149,0.05268623,0.1053882,0.7154816
87,0.105365,0.02108161,0.05268629,0.1053873,0.7154797
88,0.1053675,0.02108155,0.0526863,0.1053864,0.7154782
89,0.1053701,0.02108134,0.0526863,0.1053855,0.7154769
90,0.1053725,0.02108095,0.05268623,0.1053845,0.7154757
91,0.105375,0.02108042,0.05268616,0.1053836,0.7154749
92,0.1053773,0.02107972,0.05268601,0.1053826,0.7154744
93,0.1053795,0.0210789,0.05268582,0.1053816,0.7154742
94,0.1053816,0.02107797,0.05268564,0.1053807,0.7154741
95,0.1053835,0.02107694,0.0526854,0.1053799,0.7154743
96,0.1053852,0.02107587,0.05268517,0.1053792,0.7154746
97,0.1053867,0.02107476,0.0526849,0.1053785,0.7154752
98,0.1053879,0.02107364,0.05268464,0.1053779,0.7154759
99,0.1053889,0.02107254,0.05268438,0.1053774,0.7154767
100,0.1053896,0.0210715,0.05268412,0.1053771,0.7154776
101,0.10539,0.02107054,0.05268389,0.1053768,0.7154787
102,0.1053901,0.02106969,0.05268367,0.1053767,0.7154799
103,0.1053899,0.02106898,0.05268348,0.1053767,0.7154809
104,0.1053893,0.02106841,0.05268332,0.1053768,0.7154822
105,0.1053885,0.02106802,0.05268322,0.105377,0.7154832
106,0.1053874,0.02106782,0.05268317,0.1053773,0.7154844
107,0.1053859,0.02106782,0.05268317,0.1053777,0.7154855
108,0.1053842,0.02106801,0.05268322,0.1053781,0.7154865
109,0.1053822,0.0210684,0.05268333,0.1053786,0.7154875
110,0.10538,0.02106898,0.0526835,0.1053791,0.7154884
111,0.1053775,0.02106974,0.05268368,0.1053796,0.7154895
112,0.1053749,0.02107067,0.05268397,0.1053803,0.7154902
113,0.105372,0.02107173,0.05268425,0.1053808,0.7154912
114,0.1053691,0.02107291,0.05268461,0.1053813,0.7154921
115,0.1053661,0.02107417,0.05268498,0.1053818,0.7154929
116,0.105363,0.0210755,0.0526854,0.1053823,0.7154938
117,0.10536,0.02107684,0.05268581,0.1053827,0.7154946
118,0.1053569,0.02107818,0.05268626,0.105383,0.7154956
119,0.1053539,0.02107946,0.05268669,0.1053833,0.7154966
120,0.1053511,0.02108067,0.05268711,0.1053835,0.7154976
121,0.1053483,0.02108176,0.05268751,0.1053836,0.7154987
122,0.1053458,0.02108271,0.05268788,0.1053837,0.7154999
123,0.1053435,0.02108349,0.05268821,0.1053837,0.7155011
124,0.1053414,0.02108408,0.05268853,0.1053836,0.7155023
125,0.1053396,0.02108445,0.05268876,0.1053835,0.7155037
126,0.105338,0.02108461,0.05268893,0.1053833,0.7155051
127,0.1053368,0.02108453,0.05268904,0.1053832,0.7155064
128,0.1053359,0.02108423,0.05268909,0.105383,0.7155077
129,0.1053353,0.02108369,0.05268908,0.1053827,0.7155091
130,0.1053351,0.02108295,0.05268899,0.1053826,0.7155103
131,0.1053352,0.021082,0.05268881,0.1053824,0.7155116
132,0.1053357,0.0210809,0.05268862,0.1053823,0.7155124
133,0.1053365,0.02107963,0.05268834,0.1053823,0.7155132
134,0.1053376,0.02107826,0.05268801,0.1053823,0.7155138
135,0.105339,0.0210768,0.05268764,0.1053824,0.7155141
136,0.1053407,0.02107531,0.05268725,0.1053826,0.7155141
137,0.1053426,0.0210738,0.0526868,0.1053829,0.7155139
138,0.1053447,0.02107233,0.05268634,0.1053832,0.7155134
139,0.1053469,0.02107093,0.05268588,0.1053837,0.7155126
140,0.1053494,0.02106964,0.05268541,0.1053842,0.7155113
141,0.1053519,0.0210685,0.05268496,0.1053848,0.7155098
142,0.1053545,0.02106754,0.05268453,0.1053855,0.7155079
143,0.1053572,0.02106679,0.05268416,0.1053862,0.7155056
144,0.1053599,0.02106625,0.05268381,0.105387,0.7155031
145,0.1053625,0.02106597,0.05268351,0.1053877,0.7155004
146,0.105365,0.02106593,0.05268326,0.1053885,0.7154973
147,0.1053675,0.02106616,0.05268309,0.1053893,0.7154941
148,0.1053697,0.02106664,0.05268298,0.10539,0.7154907
149,0.1053719,0.02106736,0.05268293,0.1053906,0.7154872
150,0.1053739,0.02106831,0.05268297,0.1053912,0.7154836
151,0.1053756,0.02106946,0.05268305,0.1053916,0.7154802
152,0.1053772,0.02107079,0.05268322,0.1053919,0.7154769
153,0.1053785,0.02107225,0.05268344,0.1053921,0.7154738
154,0.1053795,0.02107381,0.05268371,0.1053921,0.7154709
155,0.1053803,0.02107543,0.05268401,0.105392,0.7154683
156,0.1053808,0.02107707,0.05268435,0.1053917,0.7154661
157,0.1053811,0.02107868,0.05268472,0.1053912,0.7154642
158,0.1053812,0.02108022,0.05268511,0.1053906,0.715463
159,0.105381,0.02108165,0.05268552,0.1053898,0.715462
160,0.1053806,0.02108292,0.0526859,0.1053889,0.7154617
161,0.1053799,0.02108399,0.05268627,0.1053878,0.715462
162,0.1053791,0.02108484,0.05268662,0.1053866,0.7154629
163,0.1053781,0.02108545,0.05268694,0.1053853,0.7154642
164,0.1053769,0.02108578,0.05268722,0.105384,0.7154662
165,0.1053756,0.02108584,0.05268746,0.1053826,0.7154685
166,0.1053741,0.02108561,0.05268763,0.1053812,0.7154714
167,0.1053725,0.02108508,0.05268772,0.1053797,0.7154749
168,0.1053709,0.0210843,0.05268781,0.1053784,0.7154785
169,0.1053691,0.02108327,0.0526878,0.1053772,0.7154827
170,0.1053673,0.021082,0.05268775,0.105376,0.7154869
171,0.1053655,0.02108053,0.05268763,0.105375,0.7154914
172,0.1053636,0.02107891,0.05268747,0.1053741,0.7154958
173,0.1053618,0.02107718,0.05268727,0.1053735,0.7155002
174,0.1053599,0.02107538,0.05268705,0.105373,0.7155045
175,0.1053581,0.02107356,0.05268676,0.1053727,0.7155089
176,0.1053563,0.02107177,0.05268647,0.1053727,0.7155128
177,0.1053546,0.02107008,0.0526862,0.1053729,0.7155162
178,0.1053529,0.02106851,0.05268592,0.1053733,0.7155194
179,0.1053513,0.02106711,0.05268563,0.1053739,0.7155221
180,0.1053497,0.02106594,0.05268538,0.1053747,0.7155241
181,0.1053483,0.02106504,0.05268518,0.1053757,0.7155258
182,0.105347,0.02106442,0.05268502,0.1053769,0.7155266
183,0.1053457,0.02106411,0.05268489,0.1053782,0.715527
184,0.1053446,0.02106413,0.05268485,0.1053797,0.7155267
185,0.1053436,0.02106447,0.05268482,0.1053811,0.7155259
186,0.1053428,0.02106515,0.0526849,0.1053827,0.7155245
187,0.105342,0.02106614,0.05268501,0.1053842,0.7155226
188,0.1053415,0.02106743,0.05268521,0.1053858,0.7155201
189,0.1053411,0.021069,0.05268547,0.1053872,0.7155172
190,0.1053409,0.02107079,0.05268578,0.1053886,0.715514
191,0.1053408,0.02107276,0.05268612,0.1053898,0.7155105
192,0.1053409,0.02107487,0.0526865,0.1053909,0.7155068
193,0.1053411,0.02107706,0.05268691,0.1053918,0.7155031
194,0.1053416,0.02107927,0.05268734,0.1053925,0.7154992
195,0.1053424,0.02108144,0.05268778,0.105393,0.7154953
196,0.1053433,0.02108353,0.05268823,0.1053933,0.7154917
197,0.1053444,0.02108544,0.05268863,0.1053933,0.7154883
198,0.1053456,0.02108715,0.052689,0.1053931,0.7154851
199,0.1053471,0.0210886,0.05268931,0.1053927,0.7154824
200,0.1053487,0.02108974,0.05268958,0.105392,0.71548
201,0.1053505,0.02109054,0.0526898,0.1053912,0.7154778
202,0.1053525,0.02109096,0.0526899,0.1053902,0.7154765
203,0.1053546,0.021091,0.05268994,0.1053891,0.7154754
204,0.1053568,0.02109063,0.05268988,0.1053878,0.715475
205,0.1053591,0.02108986,0.05268972,0.1053864,0.7154748
206,0.1053615,0.02108871,0.05268948,0.1053851,0.7154753
207,0.1053639,0.0210872,0.05268915,0.1053837,0.7154761
208,0.1053663,0.02108536,0.05268875,0.1053824,0.7154772
209,0.1053687,0.02108322,0.05268826,0.1053811,0.7154788
210,0.105371,0.02108085,0.0526877,0.1053799,0.7154805
211,0.1053733,0.0210783,0.05268708,0.1053789,0.7154825
212,0.1053753,0.02107564,0.05268643,0.105378,0.7154846
213,0.1053773,0.02107294,0.05268577,0.1053773,0.7154867
214,0.105379,0.02107026,0.05268507,0.1053768,0.7154888
215,0.1053805,0.02106767,0.05268437,0.1053765,0.7154909
216,0.1053818,0.02106524,0.05268371,0.1053765,0.7154928
217,0.1053827,0.02106305,0.05268309,0.1053766,0.7154945
218,0.1053834,0.02106117,0.05268255,0.105377,0.7154959
219,0.1053837,0.02105961,0.05268203,0.1053776,0.715497
220,0.1053837,0.02105846,0.05268164,0.1053783,0.7154979
221,0.1053833,0.02105774,0.05268133,0.1053793,0.7154984
222,0.1053826,0.02105749,0.05268116,0.1053803,0.7154984
223,0.1053816,0.0210577,0.05268106,0.1053815,0.7154982
224,0.1053802,0.0210584,0.05268112,0.1053827,0.7154976
225,0.1053784,0.02105956,0.05268127,0.105384,0.7154968
226,0.1053764,0.02106115,0.05268157,0.1053852,0.7154957
227,0.1053741,0.02106316,0.05268198,0.1053864,0.7154944
228,0.1053715,0.02106553,0.0526825,0.1053875,0.715493
229,0.1053687,0.02106821,0.05268312,0.1053885,0.7154915
230,0.1053658,0.02107113,0.05268385,0.1053893,0.7154899
231,0.1053627,0.02107421,0.05268462,0.10539,0.7154885
232,0.1053595,0.02107738,0.05268545,0.1053904,0.7154873
233,0.1053563,0.02108056,0.05268635,0.1053907,0.7154862
234,0.1053531,0.02108366,0.05268722,0.1053907,0.7154853
235,0.1053501,0.0210866,0.05268811,0.1053904,0.7154847
236,0.1053471,0.02108931,0.05268897,0.1053899,0.7154847
237,0.1053443,0.02109169,0.05268979,0.1053893,0.7154849
238,0.1053418,0.0210937,0.05269052,0.1053884,0.7154856
239,0.1053395,0.02109527,0.05269117,0.1053873,0.7154868
240,0.1053375,0.02109635,0.05269174,0.105386,0.7154884
241,0.1053358,0.02109691,0.05269217,0.1053847,0.7154905
242,0.1053344,0.02109694,0.05269247,0.1053832,0.7154929
243,0.1053335,0.02109641,0.05269265,0.1053817,0.7154956
244,0.105333,0.02109533,0.05269267,0.1053802,0.7154989
245,0.1053328,0.02109373,0.05269254,0.1053788,0.7155021
246,0.105333,0.02109165,0.05269229,0.1053774,0.7155056
247,0.1053337,0.02108913,0.05269187,0.1053761,0.7155092
248,0.1053347,0.02108623,0.05269136,0.1053751,0.7155126
249,0.105336,0.02108303,0.0526907,0.1053742,0.715516
250,0.1053377,0.02107961,0.05268995,0.1053736,0.7155191
251,0.1053396,0.02107605,0.05268912,0.1053732,0.7155219
252,0.1053419,0.02107246,0.05268824,0.1053732,0.7155243
253,0.1053443,0.02106892,0.05268731,0.1053734,0.715526
254,0.105347,0.02106553,0.05268638,0.105374,0.7155272
255,0.1053497,0.02106238,0.05268544,0.1053748,0.7155277
256,0.1053525,0.02105956,0.05268453,0.1053758,0.7155276
257,0.1053553,0.02105716,0.05268368,0.1053772,0.7155266
258,0.1053582,0.02105524,0.05268291,0.1053788,0.7155249
259,0.1053609,0.02105384,0.05268224,0.1053805,0.7155225
260,0.1053635,0.02105303,0.05268167,0.1053824,0.7155193
261,0.105366,0.02105283,0.05268123,0.1053845,0.7155154
262,0.1053683,0.02105326,0.05268095,0.1053866,0.715511
263,0.1053703,0.02105431,0.0526808,0.1053887,0.7155059
264,0.1053722,0.02105596,0.05268081,0.1053907,0.7155004
265,0.1053737,0.02105817,0.05268095,0.1053926,0.7154946
266,0.105375,0.02106089,0.05268127,0.1053943,0.7154885
267,0.105376,0.02106406,0.05268173,0.1053959,0.7154823
268,0.1053766,0.02106758,0.05268228,0.1053971,0.7154763
269,0.1053771,0.0210714,0.05268298,0.1053981,0.7154704
270,0.1053772,0.02107538,0.05268377,0.1053987,0.7154649
271,0.1053771,0.02107943,0.05268462,0.105399,0.7154599
272,0.1053767,0.02108343,0.05268551,0.1053989,0.7154555
273,0.1053761,0.02108729,0.05268644,0.1053984,0.7154517
274,0.1053754,0.02109089,0.05268736,0.1053975,0.7154489
275,0.1053744,0.02109414,0.05268826,0.1053962,0.7154469
276,0.1053734,0.02109693,0.05268912,0.1053946,0.7154459
277,0.1053722,0.02109919,0.05268986,0.1053927,0.7154461
278,0.1053709,0.02110083,0.05269053,0.1053905,0.7154472
279,0.1053697,0.02110183,0.05269109,0.1053881,0.7154494
280,0.1053683,0.02110213,0.05269151,0.1053855,0.7154526
281,0.105367,0.02110172,0.05269177,0.1053828,0.7154567
282,0.1053657,0.02110058,0.05269188,0.10538,0.7154618
283,0.1053645,0.02109876,0.05269184,0.1053773,0.7154676
284,0.1053634,0.02109629,0.05269164,0.1053747,0.7154741
285,0.1053623,0.02109323,0.0526913,0.1053723,0.7154808
286,0.1053612,0.02108963,0.05269078,0.1053701,0.7154884
287,0.1053602,0.02108561,0.05269015,0.1053682,0.7154959
288,0.1053594,0.02108125,0.05268939,0.1053666,0.7155035
289,0.1053585,0.02107668,0.05268855,0.1053654,0.7155108
290,0.1053578,0.02107201,0.05268762,0.1053646,0.715518
291,0.105357,0.02106738,0.05268664,0.1053643,0.7155247
292,0.1053563,0.0210629,0.05268566,0.1053644,0.7155306
293,0.1053556,0.0210587,0.05268469,0.1053651,0.7155359
294,0.1053549,0.0210549,0.05268374,0.1053661,0.7155403
295,0.1053542,0.02105162,0.05268287,0.1053676,0.7155436
296,0.1053535,0.02104894,0.05268211,0.1053696,0.7155458
297,0.1053528,0.02104696,0.05268143,0.1053718,0.715547
298,0.105352,0.02104573,0.0526809,0.1053744,0.715547
299,0.1053512,0.02104531,0.05268054,0.1053773,0.7155457
300,0.1053503,0.02104571,0.05268036,0.1053803,0.7155433
301,0.1053494,0.02104695,0.05268033,0.1053835,0.7155399
302,0.1053484,0.02104899,0.05268049,0.1053866,0.7155355
303,0.1053475,0.02105181,0.05268085,0.1053897,0.7155302
304,0.1053465,0.02105534,0.05268139,0.1053927,0.7155241
305,0.1053455,0.02105949,0.05268208,0.1053954,0.7155175
306,0.1053446,0.02106418,0.05268294,0.1053979,0.7155103
307,0.1053437,0.02106927,0.05268393,0.1054001,0.715503
308,0.1053429,0.02107463,0.05268501,0.1054018,0.7154956
309,0.1053423,0.02108014,0.05268619,0.1054031,0.7154883
310,0.1053418,0.02108563,0.05268742,0.1054039,0.7154813
311,0.1053414,0.02109096,0.05268864,0.1054041,0.7154749
312,0.1053413,0.02109599,0.05268986,0.1054038,0.715469
313,0.1053414,0.02110059,0.05269103,0.1054031,0.7154639
314,0.1053418,0.0211046,0.05269212,0.1054018,0.7154596
315,0.1053424,0.02110792,0.05269307,0.1054,0.7154565
316,0.1053433,0.02111045,0.05269388,0.1053979,0.7154546
317,0.1053445,0.02111208,0.0526945,0.1053953,0.7154536
318,0.1053461,0.0211128,0.05269496,0.1053924,0.7154537
319,0.1053479,0.02111253,0.05269518,0.1053893,0.7154551
320,0.10535,0.02111128,0.05269517,0.105386,0.7154575
321,0.1053524,0.02110906,0.05269494,0.1053827,0.715461
322,0.105355,0.02110594,0.05269451,0.1053794,0.7154652
323,0.1053578,0.02110194,0.05269381,0.1053762,0.7154703
324,0.1053607,0.02109719,0.05269292,0.1053731,0.715476
325,0.1053638,0.02109179,0.05269182,0.1053704,0.7154822
326,0.1053669,0.02108588,0.05269058,0.105368,0.7154886
327,0.1053701,0.02107961,0.05268919,0.105366,0.715495
328,0.1053732,0.02107313,0.05268771,0.1053646,0.7155014
329,0.1053761,0.02106662,0.05268614,0.1053636,0.7155074
330,0.1053789,0.02106025,0.05268455,0.1053632,0.7155132
331,0.1053814,0.02105418,0.05268296,0.1053633,0.7155181
332,0.1053837,0.02104861,0.05268145,0.105364,0.7155222
333,0.1053856,0.02104366,0.05268001,0.1053653,0.7155254
334,0.105387,0.02103949,0.0526787,0.1053671,0.7155277
335,0.1053881,0.02103623,0.05267759,0.1053694,0.7155288
336,0.1053886,0.02103396,0.05267665,0.105372,0.7155287
337,0.1053886,0.02103277,0.05267595,0.105375,0.7155275
338,0.1053882,0.02103272,0.05267552,0.1053783,0.7155253
339,0.1053872,0.02103381,0.05267537,0.1053818,0.7155219
340,0.1053856,0.02103603,0.05267547,0.1053854,0.7155175
341,0.1053835,0.02103936,0.05267586,0.1053889,0.7155124
342,0.105381,0.0210437,0.05267654,0.1053923,0.7155065
343,0.105378,0.02104898,0.05267748,0.1053955,0.7155
344,0.1053746,0.02105505,0.05267867,0.1053984,0.7154933
345,0.1053709,0.02106178,0.05268008,0.1054009,0.7154863
346,0.1053669,0.02106898,0.05268168,0.105403,0.7154795
347,0.1053627,0.02107648,0.05268342,0.1054044,0.715473
348,0.1053584,0.02108408,0.05268526,0.1054054,0.7154669
349,0.105354,0.02109159,0.05268719,0.1054057,0.7154616
350,0.1053497,0.02109878,0.05268909,0.1054053,0.7154571
351,0.1053456,0.02110548,0.05269098,0.1054043,0.7154536
352,0.1053417,0.0211115,0.0526928,0.1054028,0.7154512
353,0.105338,0.02111666,0.05269445,0.1054005,0.7154503
354,0.1053347,0.02112081,0.05269594,0.1053978,0.7154508
355,0.1053319,0.02112382,0.0526972,0.1053946,0.7154525
356,0.1053296,0.02112563,0.05269824,0.105391,0.7154555
357,0.1053278,0.02112611,0.05269895,0.1053872,0.71546
358,0.1053265,0.02112528,0.05269939,0.1053831,0.7154658
359,0.1053259,0.02112312,0.05269947,0.1053789,0.7154726
360,0.1053259,0.02111968,0.05269926,0.1053748,0.7154803
361,0.1053265,0.02111502,0.05269871,0.1053709,0.7154889
362,0.1053277,0.02110926,0.05269787,0.1053672,0.715498
363,0.1053294,0.02110252,0.05269667,0.1053638,0.7155076
364,0.1053317,0.02109499,0.05269527,0.105361,0.715517
365,0.1053344,0.02108684,0.05269358,0.1053586,0.7155266
366,0.1053375,0.0210783,0.05269173,0.105357,0.7155355
367,0.105341,0.02106958,0.0526897,0.105356,0.7155437
368,0.1053447,0.02106091,0.0526876,0.1053558,0.715551
369,0.1053486,0.02105253,0.05268546,0.1053563,0.7155571
370,0.1053526,0.02104467,0.05268332,0.1053576,0.7155619
371,0.1053566,0.02103753,0.05268124,0.1053596,0.715565
372,0.1053604,0.02103133,0.05267929,0.1053623,0.7155666
373,0.1053642,0.02102624,0.05267752,0.1053657,0.7155663
374,0.1053677,0.02102242,0.05267598,0.1053696,0.7155643
375,0.1053709,0.02102,0.05267472,0.1053741,0.7155603
376,0.1053737,0.02101904,0.05267375,0.1053789,0.7155547
377,0.1053761,0.02101961,0.05267313,0.1053839,0.7155472
378,0.105378,0.02102169,0.05267283,0.105389,0.7155384
379,0.1053794,0.02102529,0.05267292,0.1053942,0.7155282
380,0.1053804,0.0210303,0.05267338,0.1053991,0.7155169
381,0.1053808,0.02103662,0.05267421,0.1054038,0.7155045
382,0.1053807,0.02104409,0.05267535,0.105408,0.7154919
383,0.1053801,0.02105254,0.05267682,0.1054117,0.7154788
384,0.1053791,0.02106174,0.05267857,0.1054148,0.7154658
385,0.1053777,0.02107148,0.05268055,0.1054171,0.7154532
386,0.1053759,0.02108147,0.05268269,0.1054185,0.7154413
387,0.1053739,0.02109147,0.05268498,0.1054191,0.7154306
388,0.1053716,0.02110119,0.05268729,0.1054187,0.7154213
389,0.1053692,0.0211104,0.05268966,0.1054174,0.7154133
390,0.1053667,0.02111879,0.05269191,0.1054152,0.7154074
391,0.1053643,0.02112618,0.05269408,0.1054122,0.7154033
392,0.1053619,0.0211323,0.05269604,0.1054083,0.7154015
393,0.1053597,0.02113699,0.05269775,0.1054037,0.7154018
394,0.1053577,0.0211401,0.05269916,0.1053985,0.7154045
395,0.1053559,0.02114153,0.05270026,0.1053928,0.7154095
396,0.1053545,0.0211412,0.05270098,0.1053868,0.7154166
397,0.1053534,0.0211391,0.05270129,0.1053805,0.7154257
398,0.1053527,0.02113526,0.05270121,0.1053743,0.7154366
399,0.1053523,0.02112975,0.0527007,0.1053681,0.7154492
400,0.1053523,0.02112271,0.05269981,0.1053623,0.7154629
401,0.1053527,0.02111429,0.05269852,0.1053569,0.7154776
402,0.1053534,0.02110471,0.05269691,0.1053521,0.715493
403,0.1053543,0.02109419,0.05269494,0.105348,0.7155085
404,0.1053555,0.02108303,0.05269273,0.1053448,0.715524
405,0.1053569,0.02107149,0.05269032,0.1053425,0.7155387
406,0.1053585,0.0210599,0.05268776,0.1053413,0.7155525
407,0.10536,0.02104855,0.0526851,0.1053411,0.7155653
408,0.1053615,0.02103778,0.05268247,0.105342,0.7155762
409,0.105363,0.02102786,0.0526799,0.105344,0.7155853
410,0.1053642,0.02101908,0.05267746,0.105347,0.7155922
411,0.1053653,0.02101169,0.05267524,0.1053511,0.7155967
412,0.105366,0.02100593,0.05267329,0.105356,0.7155988
413,0.1053664,0.02100197,0.05267168,0.1053617,0.7155982
414,0.1053665,0.02099993,0.05267045,0.105368,0.7155951
415,0.1053661,0.02099993,0.05266966,0.1053749,0.7155895
416,0.1053653,0.02100197,0.05266931,0.105382,0.7155815
417,0.1053641,0.02100605,0.05266946,0.1053892,0.7155712
418,0.1053624,0.02101209,0.05267006,0.1053964,0.715559
419,0.1053604,0.02101997,0.05267117,0.1054034,0.7155451
420,0.105358,0.02102948,0.05267268,0.1054098,0.7155301
421,0.1053553,0.02104041,0.05267464,0.1054157,0.7155139
422,0.1053523,0.02105249,0.05267696,0.1054208,0.7154974
423,0.1053492,0.02106541,0.05267959,0.105425,0.7154808
424,0.1053461,0.02107884,0.05268247,0.1054281,0.7154645
425,0.1053429,0.02109243,0.05268554,0.1054301,0.715449
426,0.1053399,0.0211058,0.05268867,0.1054308,0.7154348
427,0.1053371,0.0211186,0.05269185,0.1054304,0.7154221
428,0.1053345,0.02113047,0.05269492,0.1054287,0.7154114
429,0.1053324,0.02114107,0.05269782,0.1054257,0.715403
430,0.1053307,0.02115011,0.05270049,0.1054216,0.7153971
431,0.1053296,0.02115731,0.05270285,0.1054165,0.7153937
432,0.1053292,0.02116245,0.05270481,0.1054104,0.7153931
433,0.1053294,0.02116534,0.05270632,0.1054036,0.7153954
434,0.1053302,0.02116589,0.05270733,0.1053961,0.7154005
435,0.1053318,0.02116404,0.05270781,0.1053882,0.7154081
436,0.1053341,0.0211598,0.05270771,0.1053802,0.7154182
437,0.1053371,0.02115325,0.05270705,0.1053721,0.7154305
438,0.1053407,0.02114452,0.05270583,0.1053642,0.7154446
439,0.105345,0.02113382,0.05270409,0.1053568,0.7154602
440,0.1053498,0.02112141,0.05270182,0.1053501,0.7154769
441,0.1053549,0.02110757,0.0526991,0.1053442,0.7154943
442,0.1053604,0.02109268,0.052696,0.1053392,0.7155117
443,0.1053661,0.02107711,0.0526926,0.1053354,0.7155288
444,0.1053718,0.02106126,0.05268894,0.1053329,0.7155451
445,0.1053776,0.02104557,0.05268518,0.1053317,0.7155599
446,0.105383,0.02103044,0.05268136,0.105332,0.7155733
447,0.1053882,0.02101629,0.05267762,0.1053336,0.7155843
448,0.1053929,0.02100351,0.05267402,0.1053366,0.715593
449,0.105397,0.02099247,0.0526707,0.105341,0.7155989
450,0.1054003,0.02098349,0.05266773,0.1053465,0.7156019
451,0.1054029,0.02097685,0.0526652,0.1053532,0.7156019
452,0.1054046,0.02097275,0.0526632,0.1053608,0.7155986
453,0.1054053,0.02097135,0.05266176,0.1053691,0.7155925
454,0.105405,0.02097272,0.05266093,0.1053778,0.7155835
455,0.1054037,0.02097687,0.05266076,0.1053869,0.7155718
456,0.1054015,0.02098377,0.05266132,0.105396,0.7155574
457,0.1053982,0.02099323,0.0526625,0.1054049,0.7155412
458,0.105394,0.02100505,0.05266434,0.1054133,0.7155232
459,0.105389,0.02101898,0.05266682,0.1054211,0.7155041
460,0.1053832,0.02103465,0.05266984,0.1054279,0.7154844
461,0.1053768,0.02105168,0.05267335,0.1054336,0.7154645
462,0.1053699,0.02106964,0.05267727,0.105438,0.7154452
463,0.1053627,0.02108805,0.05268149,0.1054409,0.7154268
464,0.1053553,0.02110642,0.05268591,0.1054423,0.71541
465,0.1053479,0.02112428,0.05269039,0.1054421,0.7153953
466,0.1053406,0.02114113,0.05269486,0.1054403,0.7153831
467,0.1053336,0.02115647,0.05269915,0.1054368,0.7153739
468,0.1053271,0.02116992,0.05270318,0.1054319,0.7153679
469,0.1053213,0.02118105,0.05270684,0.1054255,0.7153652
470,0.1053164,0.02118956,0.05271006,0.1054179,0.7153661
471,0.1053122,0.02119514,0.05271265,0.1054092,0.7153708
472,0.1053091,0.0211976,0.05271459,0.1053996,0.7153791
473,0.1053071,0.02119686,0.05271585,0.1053894,0.7153907
474,0.1053062,0.02119286,0.05271633,0.1053788,0.7154058
475,0.1053065,0.02118569,0.05271606,0.1053682,0.7154235
476,0.105308,0.02117546,0.05271497,0.1053578,0.7154438
477,0.1053105,0.02116243,0.05271314,0.1053479,0.715466
478,0.1053142,0.0211469,0.0527106,0.1053388,0.7154894
479,0.1053189,0.02112925,0.0527074,0.1053307,0.7155138
480,0.1053244,0.02110992,0.0527036,0.1053239,0.7155382
481,0.1053306,0.0210894,0.05269929,0.1053187,0.7155621
482,0.1053374,0.02106823,0.05269461,0.105315,0.7155847
483,0.1053446,0.02104696,0.05268961,0.1053132,0.7156057
484,0.105352,0.02102617,0.0526845,0.1053132,0.7156241
485,0.1053596,0.02100642,0.05267939,0.1053152,0.7156394
486,0.105367,0.02098825,0.05267439,0.105319,0.7156515
487,0.105374,0.02097216,0.05266966,0.1053246,0.7156596
488,0.1053806,0.02095863,0.0526653,0.1053319,0.7156636
489,0.1053865,0.02094805,0.05266147,0.1053408,0.7156632
490,0.1053917,0.02094076,0.05265824,0.1053509,0.7156584
491,0.1053959,0.020937,0.05265578,0.1053622,0.7156491
492,0.1053991,0.02093692,0.05265407,0.1053742,0.7156357
493,0.1054012,0.02094058,0.05265323,0.1053867,0.7156183
494,0.1054022,0.02094796,0.05265327,0.1053994,0.7155972
495,0.105402,0.0209589,0.05265421,0.1054119,0.715573
496,0.1054006,0.02097316,0.05265604,0.1054238,0.7155464
497,0.1053982,0.02099044,0.05265872,0.1054349,0.7155178
498,0.1053947,0.02101029,0.05266218,0.1054448,0.715488
499,0.1053903,0.02103223,0.05266633,0.1054533,0.7154579
500,0.1053852,0.02105572,0.05267112,0.10546,0.715428
501,0.1053794,0.02108012,0.05267636,0.1054648,0.7153993
502,0.1053731,0.02110481,0.05268196,0.1054676,0.7153726
503,0.1053665,0.02112911,0.05268773,0.1054681,0.7153486
504,0.1053598,0.02115237,0.05269356,0.1054664,0.7153279
505,0.1053531,0.02117394,0.05269926,0.1054625,0.7153112
506,0.1053468,0.02119322,0.05270471,0.1054564,0.7152988
507,0.1053409,0.02120963,0.05270973,0.1054482,0.7152916
508,0.1053357,0.02122271,0.05271418,0.1054382,0.7152893
509,0.1053312,0.02123202,0.05271792,0.1054265,0.7152924
510,0.1053277,0.02123729,0.05272088,0.1054135,0.7153007
511,0.1053251,0.02123828,0.05272295,0.1053995,0.7153141
512,0.1053237,0.02123493,0.05272404,0.1053848,0.7153325
513,0.1053234,0.02122724,0.05272413,0.1053699,0.7153553
514,0.1053243,0.02121537,0.05272323,0.1053551,0.715382
515,0.1053263,0.02119957,0.05272128,0.1053408,0.7154121
516,0.1053294,0.02118022,0.05271839,0.1053274,0.7154447
517,0.1053335,0.02115777,0.05271457,0.1053152,0.715479
518,0.1053384,0.0211328,0.05270994,0.1053047,0.7155142
519,0.1053441,0.02110591,0.05270457,0.105296,0.7155494
520,0.1053504,0.02107784,0.05269865,0.1052895,0.7155836
521,0.105357,0.02104929,0.05269232,0.1052855,0.7156159
522,0.1053638,0.02102103,0.05268572,0.1052839,0.7156456
523,0.1053706,0.02099381,0.05267899,0.1052848,0.7156717
524,0.1053771,0.02096841,0.05267241,0.1052886,0.7156935
525,0.1053832,0.0209455,0.05266606,0.1052947,0.7157104
526,0.1053887,0.02092575,0.05266019,0.1053034,0.715722
527,0.1053933,0.02090975,0.05265492,0.1053142,0.7157277
528,0.105397,0.02089797,0.05265044,0.1053271,0.7157274
529,0.1053996,0.02089079,0.05264687,0.1053417,0.7157211
530,0.1054009,0.02088849,0.05264432,0.1053576,0.7157087
531,0.1054009,0.02089121,0.05264289,0.1053744,0.7156906
532,0.1053996,0.02089895,0.05264259,0.1053916,0.7156672
533,0.1053969,0.02091159,0.05264351,0.1054088,0.7156392
534,0.105393,0.0209289,0.05264564,0.1054257,0.7156067
535,0.1053878,0.02095045,0.05264889,0.1054417,0.7155712
536,0.1053814,0.02097576,0.05265323,0.1054563,0.7155334
537,0.1053741,0.0210042,0.05265854,0.1054691,0.715494
538,0.1053661,0.02103508,0.05266476,0.1054799,0.7154542
539,0.1053573,0.02106758,0.05267164,0.1054882,0.7154152
540,0.1053483,0.02110087,0.05267905,0.1054938,0.715378
541,0.1053391,0.02113406,0.05268679,0.1054966,0.7153434
542,0.10533,0.02116623,0.05269466,0.1054963,0.7153127
543,0.1053214,0.02119653,0.05270245,0.105493,0.7152865
544,0.1053134,0.02122409,0.05270993,0.1054868,0.7152659
545,0.1053063,0.02124813,0.05271693,0.1054777,0.715251
546,0.1053003,0.02126793,0.05272321,0.1054659,0.7152426
547,0.1052956,0.02128289,0.0527286,0.1054517,0.7152413
548,0.1052924,0.02129254,0.05273297,0.1054355,0.7152466
549,0.1052909,0.02129653,0.05273615,0.1054177,0.7152587
550,0.1052911,0.02129467,0.05273807,0.1053988,0.7152774
551,0.105293,0.02128691,0.05273866,0.1053791,0.7153022
552,0.1052967,0.02127339,0.05273785,0.1053594,0.7153327
553,0.1053021,0.02125438,0.05273564,0.1053399,0.7153679
554,0.1053092,0.02123031,0.05273211,0.1053215,0.715407
555,0.1053178,0.02120176,0.05272729,0.1053043,0.7154489
556,0.1053276,0.02116942,0.0527213,0.1052892,0.7154925
557,0.1053385,0.02113411,0.05271426,0.1052762,0.7155369
558,0.1053503,0.02109673,0.05270639,0.1052661,0.7155805
559,0.1053626,0.02105825,0.05269784,0.1052589,0.7156224
560,0.1053752,0.02101968,0.05268882,0.1052549,0.7156614
561,0.1053876,0.02098205,0.05267959,0.1052544,0.7156963
562,0.1053997,0.0209464,0.05267041,0.1052574,0.715726
563,0.105411,0.02091365,0.05266144,0.1052637,0.7157501
564,0.1054214,0.0208848,0.05265303,0.1052735,0.7157673
565,0.1054305,0.02086061,0.05264534,0.1052863,0.7157773
566,0.105438,0.02084183,0.05263863,0.1053019,0.7157796
567,0.1054437,0.02082903,0.05263304,0.1053199,0.7157742
568,0.1054476,0.02082267,0.05262883,0.10534,0.7157609
569,0.1054492,0.020823,0.05262607,0.1053615,0.7157401
570,0.1054487,0.02083015,0.05262489,0.105384,0.7157123
571,0.105446,0.02084401,0.05262534,0.1054067,0.715678
572,0.1054411,0.02086435,0.05262744,0.1054292,0.7156379
573,0.1054341,0.02089073,0.05263115,0.1054508,0.7155932
574,0.1054252,0.02092254,0.0526364,0.1054709,0.715545
575,0.1054145,0.02095903,0.05264309,0.1054889,0.7154946
576,0.1054021,0.02099927,0.05265103,0.1055042,0.7154433
577,0.1053886,0.02104226,0.05266002,0.1055165,0.7153927
578,0.1053741,0.02108691,0.05266989,0.1055254,0.7153437
579,0.105359,0.02113201,0.05268032,0.1055306,0.7152981
580,0.1053437,0.02117636,0.05269109,0.1055318,0.715257
581,0.1053285,0.02121875,0.05270189,0.1055289,0.7152219
582,0.1053139,0.021258,0.05271243,0.1055221,0.7151936
583,0.1053002,0.021293,0.05272244,0.1055114,0.715173
584,0.1052877,0.02132272,0.05273161,0.105497,0.715161
585,0.1052769,0.02134631,0.05273975,0.1054794,0.7151576
586,0.105268,0.021363,0.05274656,0.1054587,0.7151637
587,0.1052613,0.02137225,0.05275189,0.1054357,0.7151788
588,0.1052569,0.02137371,0.05275556,0.105411,0.7152029
589,0.105255,0.0213672,0.05275743,0.105385,0.7152354
590,0.1052557,0.0213528,0.05275743,0.1053585,0.7152755
591,0.105259,0.0213308,0.05275561,0.1053324,0.7153223
592,0.1052647,0.02130166,0.0527519,0.1053071,0.7153746
593,0.1052728,0.02126607,0.05274639,0.1052834,0.7154313
594,0.1052831,0.02122491,0.05273921,0.1052621,0.7154907
595,0.1052953,0.0211792,0.05273053,0.1052436,0.7155513
596,0.1053092,0.02113011,0.05272055,0.1052286,0.7156116
597,0.1053243,0.02107891,0.05270954,0.1052175,0.7156698
598,0.1053403,0.02102692,0.05269774,0.1052106,0.7157245
599,0.1053568,0.02097553,0.05268546,0.1052083,0.7157739
600,0.1053733,0.02092611,0.05267301,0.1052106,0.715817
601,0.1053896,0.02088002,0.05266075,0.1052176,0.7158521
602,0.1054049,0.02083851,0.05264897,0.1052291,0.7158785
603,0.1054191,0.02080278,0.05263801,0.1052449,0.7158952
604,0.1054317,0.02077385,0.05262819,0.1052648,0.7159015
605,0.1054424,0.0207526,0.05261979,0.1052882,0.715897
606,0.105451,0.02073973,0.05261306,0.1053145,0.7158818
607,0.1054571,0.02073571,0.05260821,0.1053431,0.715856
608,0.1054605,0.0207408,0.05260541,0.1053733,0.71582
609,0.1054613,0.020755,0.05260474,0.1054042,0.7157748
610,0.1054592,0.02077811,0.05260628,0.1054351,0.7157212
611,0.1054544,0.02080965,0.05261002,0.1054651,0.7156608
612,0.105447,0.02084892,0.05261589,0.1054934,0.7155946
613,0.1054372,0.02089501,0.05262376,0.1055193,0.7155247
614,0.1054251,0.0209468,0.05263345,0.1055419,0.7154528
615,0.1054112,0.02100297,0.0526447,0.1055605,0.7153807
616,0.1053957,0.02106212,0.05265725,0.1055747,0.7153102
617,0.1053791,0.02112267,0.05267079,0.105584,0.7152434
618,0.1053618,0.02118301,0.0526849,0.105588,0.7151822
619,0.1053443,0.0212415,0.05269928,0.1055866,0.7151282
620,0.1053271,0.02129653,0.05271351,0.1055797,0.7150831
621,0.1053106,0.02134652,0.05272718,0.1055674,0.7150483
622,0.1052954,0.02139005,0.05273995,0.1055499,0.7150247
623,0.1052818,0.02142583,0.05275143,0.1055276,0.7150132
624,0.1052704,0.02145277,0.05276133,0.1055012,0.7150143
625,0.1052614,0.02147,0.05276937,0.1054711,0.7150281
626,0.105255,0.02147691,0.05277528,0.1054383,0.7150545
627,0.1052516,0.02147317,0.05277888,0.1054034,0.7150929
628,0.1052513,0.02145872,0.05278007,0.1053674,0.7151425
629,0.105254,0.0214338,0.05277875,0.1053312,0.7152022
630,0.1052598,0.02139895,0.05277494,0.1052959,0.7152705
631,0.1052684,0.02135498,0.05276869,0.1052623,0.7153456
632,0.1052799,0.02130294,0.05276017,0.1052314,0.7154256
633,0.1052937,0.02124413,0.05274954,0.1052041,0.7155085
634,0.1053096,0.02118003,0.05273703,0.105181,0.7155923
635,0.1053271,0.02111229,0.05272297,0.105163,0.7156746
636,0.1053458,0.02104268,0.0527077,0.1051505,0.7157533
637,0.1053651,0.02097301,0.0526916,0.105144,0.7158263
638,0.1053846,0.02090515,0.05267508,0.1051437,0.7158915
639,0.1054036,0.02084092,0.0526586,0.1051498,0.715947
640,0.1054217,0.02078208,0.05264257,0.1051622,0.7159915
641,0.1054383,0.02073027,0.05262744,0.1051805,0.7160235
642,0.1054529,0.02068699,0.05261365,0.1052046,0.7160418
643,0.1054651,0.02065349,0.05260158,0.1052338,0.716046
644,0.1054746,0.02063085,0.05259162,0.1052675,0.7160355
645,0.1054809,0.02061983,0.05258404,0.1053047,0.7160106
646,0.105484,0.02062093,0.05257913,0.1053446,0.7159714
647,0.1054835,0.02063432,0.05257706,0.1053861,0.7159191
648,0.1054794,0.02065986,0.05257791,0.1054281,0.7158547
649,0.105472,0.02069712,0.05258175,0.1054695,0.7157796
650,0.1054611,0.02074528,0.05258851,0.1055093,0.7156959
651,0.105447,0.02080326,0.05259804,0.1055462,0.7156054
652,0.1054302,0.02086969,0.05261014,0.1055793,0.7155107
653,0.1054108,0.02094293,0.05262452,0.1056075,0.7154142
654,0.1053894,0.02102113,0.05264079,0.1056301,0.7153186
655,0.1053666,0.02110225,0.05265856,0.1056464,0.7152262
656,0.105343,0.02118415,0.05267737,0.1056558,0.7151397
657,0.1053191,0.02126462,0.05269669,0.1056579,0.7150617
658,0.1052956,0.02134143,0.05271602,0.1056526,0.7149944
659,0.1052732,0.02141244,0.05273485,0.10564,0.7149395
660,0.1052525,0.02147561,0.05275265,0.1056202,0.714899
661,0.1052342,0.02152908,0.05276893,0.1055938,0.714874
662,0.1052187,0.02157125,0.05278321,0.1055612,0.7148656
663,0.1052067,0.0216008,0.05279515,0.1055233,0.7148741
664,0.1051985,0.02161672,0.05280434,0.1054812,0.7148993
665,0.1051943,0.02161841,0.05281052,0.1054357,0.714941
666,0.1051945,0.0216056,0.05281347,0.1053881,0.7149983
667,0.105199,0.02157844,0.0528131,0.1053397,0.7150697
668,0.1052079,0.02153752,0.05280938,0.1052918,0.7151534
669,0.105221,0.02148371,0.05280232,0.1052455,0.7152475
670,0.105238,0.02141833,0.05279206,0.1052022,0.7153494
671,0.1052586,0.02134298,0.05277886,0.1051631,0.7154565
672,0.1052822,0.02125956,0.05276296,0.1051292,0.7155661
673,0.1053082,0.0211702,0.0527448,0.1051017,0.7156752
674,0.1053361,0.02107719,0.05272473,0.1050811,0.7157809
675,0.105365,0.02098297,0.05270329,0.1050683,0.7158804
676,0.1053943,0.02089003,0.05268104,0.1050637,0.7159709
677,0.1054233,0.02080086,0.05265855,0.1050675,0.7160497
678,0.105451,0.02071783,0.05263637,0.1050798,0.716115
679,0.105477,0.02064325,0.05261515,0.1051004,0.7161642
680,0.1055002,0.02057919,0.05259543,0.1051289,0.7161964
681,0.1055202,0.02052752,0.05257782,0.1051646,0.7162098
682,0.1055364,0.02048978,0.05256277,0.1052066,0.7162043
683,0.1055484,0.02046722,0.05255083,0.1052542,0.7161794
684,0.1055557,0.02046068,0.05254231,0.1053058,0.7161356
685,0.105558,0.02047061,0.05253754,0.1053603,0.7160735
686,0.1055553,0.02049707,0.05253675,0.1054164,0.7159945
687,0.1055474,0.02053964,0.05253997,0.1054723,0.7159006
688,0.1055346,0.0205975,0.05254722,0.1055266,0.7157941
689,0.105517,0.02066941,0.0525584,0.1055779,0.7156773
690,0.1054949,0.02075367,0.05257317,0.1056246,0.7155536
691,0.105469,0.0208483,0.05259129,0.1056655,0.7154258
692,0.1054396,0.02095092,0.05261222,0.1056993,0.7152979
693,0.1054077,0.0210589,0.05263548,0.105725,0.7151729
694,0.1053739,0.0211694,0.05266043,0.1057417,0.7150546
695,0.1053391,0.02127946,0.05268641,0.1057488,0.7149462
696,0.1053043,0.02138609,0.05271279,0.1057462,0.7148507
697,0.1052702,0.02148627,0.05273877,0.1057335,0.7147712
698,0.1052379,0.02157716,0.05276368,0.105711,0.7147102
699,0.1052083,0.02165612,0.05278685,0.1056794,0.7146693
700,0.1051822,0.02172081,0.05280767,0.1056391,0.7146502
701,0.1051603,0.02176922,0.05282548,0.1055913,0.7146537
702,0.1051433,0.02179977,0.05283982,0.105537,0.71468
703,0.1051318,0.02181142,0.0528503,0.1054777,0.7147288
704,0.105126,0.02180356,0.05285656,0.1054149,0.714799
705,0.1051263,0.02177617,0.0528584,0.1053501,0.714889
