EwEVersion,"6.6.7.17812 (compiled 28/02/2022)"
Date,"26/02/2023 11:47:51 AM"
ModelName,CS_model_V1_110722
EcosimScenario,"New Ecosim scenario"
TimeSeries,(none)
StartYear,2020

Data,"Prey of Sea snails"

timestep\group,Polychaetes,Macroalgae,"Macroalgal Epiphytes",Microphytobenthos,Detritus,
1,0.009900047,0.1978166,0.296725,0.0009890528,0.4945692
2,0.009898675,0.1978121,0.2967182,0.000989123,0.4945819
3,0.009898567,0.197812,0.2967179,0.0009891666,0.4945824
4,0.009898358,0.1978118,0.2967175,0.0009891971,0.4945831
5,0.009898178,0.1978115,0.2967171,0.0009892203,0.4945839
6,0.009898069,0.1978113,0.2967169,0.0009892381,0.4945845
7,0.009898034,0.1978111,0.2967169,0.0009892503,0.4945848
8,0.009898058,0.1978109,0.2967169,0.0009892571,0.4945849
9,0.00989814,0.1978107,0.296717,0.0009892595,0.4945849
10,0.009898255,0.1978103,0.296717,0.0009892574,0.4945851
11,0.009898406,0.19781,0.2967171,0.0009892531,0.4945852
12,0.009898572,0.1978096,0.2967171,0.0009892458,0.4945855
13,0.009898756,0.1978091,0.2967171,0.0009892373,0.4945859
14,0.009898941,0.1978086,0.2967169,0.0009892279,0.4945864
15,0.009899125,0.197808,0.2967167,0.000989218,0.4945869
16,0.009899302,0.1978076,0.2967164,0.0009892088,0.4945875
17,0.009899468,0.197807,0.296716,0.0009892,0.4945884
18,0.009899617,0.1978065,0.2967156,0.0009891923,0.4945891
19,0.009899748,0.197806,0.2967151,0.0009891862,0.4945901
20,0.009899856,0.1978055,0.2967145,0.0009891816,0.4945908
21,0.009899943,0.1978052,0.296714,0.0009891789,0.4945917
22,0.009900003,0.1978049,0.2967134,0.0009891777,0.4945927
23,0.009900033,0.1978045,0.2967127,0.0009891784,0.4945936
24,0.009900038,0.1978043,0.296712,0.0009891806,0.4945945
25,0.009900019,0.1978042,0.2967115,0.0009891848,0.4945951
26,0.009899976,0.1978041,0.296711,0.0009891905,0.4945958
27,0.009899898,0.1978041,0.2967104,0.0009891973,0.4945965
28,0.009899798,0.1978042,0.29671,0.0009892051,0.4945967
29,0.009899674,0.1978043,0.2967096,0.0009892142,0.4945972
30,0.009899534,0.1978045,0.2967094,0.0009892245,0.4945973
31,0.009899369,0.1978047,0.2967093,0.0009892348,0.4945973
32,0.009899192,0.1978051,0.2967092,0.0009892454,0.4945973
33,0.009899002,0.1978054,0.2967093,0.0009892563,0.494597
34,0.009898802,0.1978058,0.2967095,0.0009892673,0.4945966
35,0.009898595,0.1978063,0.2967098,0.0009892777,0.4945961
36,0.009898386,0.1978067,0.2967102,0.0009892879,0.4945953
37,0.009898177,0.1978072,0.2967108,0.0009892972,0.4945946
38,0.009897975,0.1978076,0.2967113,0.0009893058,0.4945937
39,0.009897782,0.1978081,0.296712,0.0009893134,0.4945928
40,0.009897598,0.1978085,0.2967128,0.00098932,0.4945918
41,0.009897433,0.197809,0.2967136,0.0009893256,0.4945907
42,0.009897283,0.1978094,0.2967144,0.0009893298,0.4945895
43,0.00989715,0.1978097,0.2967152,0.0009893323,0.4945887
44,0.009897045,0.19781,0.296716,0.0009893343,0.4945875
45,0.00989696,0.1978103,0.2967168,0.0009893349,0.4945866
46,0.009896896,0.1978105,0.2967175,0.0009893341,0.4945858
47,0.009896864,0.1978106,0.2967182,0.0009893326,0.494585
48,0.00989685,0.1978107,0.2967187,0.0009893299,0.4945844
49,0.009896865,0.1978107,0.2967191,0.0009893269,0.4945839
50,0.009896901,0.1978107,0.2967195,0.0009893228,0.4945835
51,0.009896958,0.1978106,0.2967196,0.0009893186,0.4945835
52,0.009897037,0.1978105,0.2967197,0.0009893139,0.4945834
53,0.009897132,0.1978104,0.2967196,0.000989309,0.4945835
54,0.009897242,0.1978101,0.2967195,0.0009893042,0.4945839
55,0.009897362,0.1978099,0.2967191,0.0009892996,0.4945843
56,0.009897492,0.1978097,0.2967187,0.0009892952,0.4945849
57,0.009897625,0.1978095,0.2967182,0.0009892911,0.4945855
58,0.009897758,0.1978093,0.2967175,0.0009892875,0.4945862
59,0.009897891,0.1978091,0.2967168,0.0009892845,0.4945869
60,0.009898015,0.1978089,0.2967161,0.000989282,0.4945877
61,0.009898132,0.1978088,0.2967153,0.0009892803,0.4945885
62,0.009898237,0.1978087,0.2967146,0.0009892794,0.4945892
63,0.00989833,0.1978087,0.2967139,0.0009892792,0.4945898
64,0.009898406,0.1978088,0.2967134,0.0009892799,0.4945902
65,0.00989846,0.1978089,0.2967128,0.0009892812,0.4945906
66,0.009898496,0.1978091,0.2967124,0.0009892826,0.4945907
67,0.009898514,0.1978094,0.2967122,0.0009892849,0.4945906
68,0.009898513,0.1978099,0.2967121,0.0009892876,0.4945903
69,0.00989849,0.1978103,0.2967122,0.0009892902,0.4945897
70,0.009898441,0.1978108,0.2967124,0.0009892925,0.494589
71,0.009898385,0.1978115,0.2967129,0.0009892954,0.4945879
72,0.009898311,0.1978122,0.2967136,0.0009892978,0.4945865
73,0.009898221,0.197813,0.2967145,0.0009893,0.494585
74,0.009898122,0.1978138,0.2967156,0.0009893015,0.4945833
75,0.009898012,0.1978146,0.2967167,0.0009893021,0.4945814
76,0.009897904,0.1978155,0.2967182,0.0009893026,0.4945791
77,0.009897791,0.1978163,0.2967196,0.0009893019,0.4945769
78,0.009897682,0.1978172,0.2967212,0.0009893004,0.4945746
79,0.009897576,0.197818,0.2967229,0.0009892982,0.4945723
80,0.009897485,0.1978188,0.2967246,0.0009892952,0.4945698
81,0.009897403,0.1978196,0.2967264,0.0009892911,0.4945674
82,0.009897338,0.1978203,0.296728,0.000989286,0.4945651
83,0.00989729,0.1978209,0.2967297,0.0009892802,0.4945629
84,0.009897259,0.1978213,0.2967312,0.0009892733,0.4945609
85,0.009897253,0.1978218,0.2967326,0.0009892661,0.4945591
86,0.009897269,0.1978222,0.2967339,0.0009892585,0.4945574
87,0.009897309,0.1978224,0.2967349,0.0009892505,0.4945561
88,0.009897364,0.1978225,0.2967357,0.0009892419,0.4945552
89,0.00989745,0.1978226,0.2967363,0.0009892338,0.4945545
90,0.009897549,0.1978225,0.2967367,0.0009892253,0.494554
91,0.009897671,0.1978224,0.2967368,0.0009892173,0.4945539
92,0.009897806,0.1978221,0.2967367,0.0009892096,0.4945543
93,0.009897949,0.1978217,0.2967362,0.0009892021,0.494555
94,0.009898111,0.1978214,0.2967356,0.000989196,0.4945557
95,0.009898275,0.1978209,0.2967347,0.0009891898,0.4945569
96,0.00989844,0.1978205,0.2967336,0.0009891853,0.4945582
97,0.009898607,0.19782,0.2967324,0.0009891811,0.4945598
98,0.009898766,0.1978195,0.2967311,0.0009891782,0.4945615
99,0.009898916,0.1978189,0.2967296,0.0009891762,0.4945633
100,0.009899058,0.1978185,0.2967282,0.0009891754,0.4945652
101,0.009899182,0.1978181,0.2967266,0.0009891755,0.4945671
102,0.009899283,0.1978177,0.2967251,0.0009891763,0.4945688
103,0.009899369,0.1978173,0.2967237,0.0009891782,0.4945704
104,0.009899423,0.197817,0.2967222,0.0009891801,0.4945721
105,0.00989946,0.1978169,0.2967211,0.0009891834,0.4945734
106,0.009899472,0.1978168,0.2967201,0.0009891866,0.4945745
107,0.009899459,0.1978168,0.2967193,0.0009891903,0.4945752
108,0.009899417,0.1978169,0.2967187,0.0009891938,0.4945758
109,0.009899354,0.1978171,0.2967183,0.0009891976,0.4945759
110,0.009899268,0.1978174,0.2967182,0.0009892009,0.4945759
111,0.00989916,0.1978177,0.2967184,0.0009892038,0.4945755
112,0.009899042,0.1978182,0.2967189,0.0009892067,0.4945746
113,0.009898904,0.1978187,0.2967196,0.0009892087,0.4945736
114,0.009898764,0.1978192,0.2967205,0.0009892099,0.4945723
115,0.009898612,0.1978198,0.2967216,0.0009892103,0.4945708
116,0.00989846,0.1978203,0.296723,0.0009892099,0.494569
117,0.00989831,0.1978209,0.2967246,0.0009892087,0.4945671
118,0.009898162,0.1978215,0.2967262,0.0009892064,0.4945649
119,0.009898026,0.197822,0.296728,0.0009892035,0.494563
120,0.009897904,0.1978225,0.2967297,0.0009891998,0.4945608
121,0.009897794,0.1978229,0.2967313,0.0009891952,0.4945588
122,0.009897704,0.1978232,0.296733,0.0009891903,0.494557
123,0.009897632,0.1978234,0.2967345,0.0009891848,0.4945553
124,0.009897588,0.1978236,0.2967359,0.0009891799,0.4945537
125,0.009897565,0.1978237,0.296737,0.0009891745,0.4945526
126,0.009897561,0.1978236,0.2967381,0.0009891695,0.4945516
127,0.009897578,0.1978234,0.2967387,0.0009891646,0.4945512
128,0.009897621,0.1978232,0.2967391,0.0009891605,0.494551
129,0.009897677,0.1978227,0.2967392,0.000989157,0.4945511
130,0.009897755,0.1978223,0.2967391,0.0009891549,0.4945516
131,0.009897846,0.1978218,0.2967387,0.0009891536,0.4945526
132,0.009897948,0.1978212,0.2967379,0.000989154,0.4945538
133,0.009898055,0.1978206,0.2967369,0.0009891554,0.4945553
134,0.009898164,0.1978199,0.2967357,0.0009891585,0.4945571
135,0.00989827,0.1978192,0.2967342,0.0009891629,0.4945592
136,0.009898378,0.1978186,0.2967327,0.000989169,0.4945612
137,0.009898468,0.1978179,0.2967309,0.0009891764,0.4945636
138,0.009898546,0.1978173,0.2967291,0.0009891855,0.494566
139,0.009898609,0.1978167,0.2967272,0.0009891959,0.4945683
140,0.00989865,0.1978163,0.2967253,0.0009892072,0.4945706
141,0.009898668,0.1978158,0.2967235,0.0009892192,0.4945727
142,0.009898665,0.1978156,0.2967218,0.000989232,0.4945748
143,0.009898637,0.1978154,0.2967204,0.0009892451,0.4945764
144,0.009898586,0.1978153,0.296719,0.0009892585,0.4945777
145,0.009898504,0.1978154,0.296718,0.0009892716,0.4945788
146,0.009898404,0.1978156,0.2967172,0.0009892842,0.4945796
147,0.009898283,0.1978159,0.2967168,0.0009892962,0.4945797
148,0.009898142,0.1978164,0.2967167,0.0009893072,0.4945796
149,0.009897983,0.1978169,0.2967168,0.0009893166,0.494579
150,0.009897819,0.1978176,0.2967175,0.0009893249,0.4945778
151,0.009897644,0.1978183,0.2967184,0.0009893307,0.4945763
152,0.009897471,0.197819,0.2967197,0.0009893344,0.4945745
153,0.009897299,0.1978199,0.2967211,0.0009893364,0.4945723
154,0.009897135,0.1978207,0.2967229,0.0009893358,0.49457
155,0.009896985,0.1978215,0.2967248,0.000989333,0.4945673
156,0.009896856,0.1978223,0.2967269,0.0009893277,0.4945645
157,0.00989675,0.1978231,0.2967291,0.0009893199,0.4945617
158,0.00989667,0.1978238,0.2967314,0.0009893101,0.4945588
159,0.009896625,0.1978244,0.2967336,0.0009892987,0.4945561
160,0.009896608,0.1978249,0.2967358,0.0009892846,0.4945533
161,0.009896631,0.1978252,0.2967378,0.0009892693,0.4945509
162,0.00989669,0.1978255,0.2967396,0.0009892526,0.4945489
163,0.00989679,0.1978256,0.2967413,0.0009892355,0.4945472
164,0.009896927,0.1978256,0.2967426,0.0009892173,0.4945457
165,0.009897098,0.1978254,0.2967436,0.0009891989,0.4945447
166,0.0098973,0.197825,0.2967442,0.0009891808,0.4945443
167,0.009897526,0.1978245,0.2967443,0.0009891629,0.4945445
168,0.009897784,0.197824,0.2967442,0.0009891464,0.4945449
169,0.009898059,0.1978233,0.2967437,0.0009891309,0.4945458
170,0.009898344,0.1978224,0.2967428,0.0009891172,0.4945474
171,0.009898636,0.1978215,0.2967414,0.0009891054,0.4945493
172,0.00989893,0.1978206,0.2967397,0.0009890955,0.4945516
173,0.009899216,0.1978197,0.2967378,0.0009890884,0.4945542
174,0.009899483,0.1978187,0.2967357,0.0009890837,0.494557
175,0.009899734,0.1978178,0.2967332,0.0009890815,0.4945602
176,0.009899954,0.1978169,0.2967307,0.000989082,0.4945634
177,0.009900144,0.1978161,0.2967282,0.0009890853,0.4945664
178,0.009900291,0.1978154,0.2967256,0.000989091,0.4945696
179,0.009900396,0.1978148,0.2967231,0.0009890989,0.4945726
180,0.009900455,0.1978144,0.2967207,0.0009891093,0.4945753
181,0.009900463,0.1978142,0.2967186,0.0009891213,0.4945777
182,0.009900427,0.1978141,0.2967168,0.0009891354,0.4945796
183,0.009900331,0.1978141,0.2967153,0.0009891499,0.4945811
184,0.009900196,0.1978144,0.2967142,0.0009891657,0.4945821
185,0.009900012,0.1978148,0.2967134,0.000989182,0.4945826
186,0.009899785,0.1978154,0.2967131,0.0009891983,0.4945825
187,0.009899514,0.1978161,0.2967132,0.0009892137,0.4945819
188,0.009899217,0.197817,0.2967139,0.0009892291,0.4945806
189,0.009898893,0.1978181,0.2967151,0.0009892433,0.4945787
190,0.009898552,0.1978192,0.2967167,0.000989256,0.4945764
191,0.009898197,0.1978203,0.2967186,0.0009892667,0.4945735
192,0.009897841,0.1978215,0.2967209,0.0009892758,0.4945704
193,0.009897492,0.1978227,0.2967235,0.0009892824,0.494567
194,0.009897156,0.1978239,0.2967264,0.0009892869,0.4945633
195,0.009896844,0.197825,0.2967294,0.000989289,0.4945593
196,0.009896563,0.1978261,0.2967326,0.0009892888,0.4945555
197,0.009896322,0.1978271,0.2967357,0.0009892861,0.4945516
198,0.009896121,0.1978279,0.2967387,0.0009892812,0.494548
199,0.00989597,0.1978285,0.2967417,0.0009892745,0.4945446
200,0.009895867,0.1978289,0.2967443,0.0009892654,0.4945416
201,0.009895823,0.1978292,0.2967467,0.0009892554,0.4945389
202,0.009895829,0.1978293,0.2967486,0.0009892439,0.4945371
203,0.009895897,0.1978291,0.2967502,0.0009892316,0.4945355
204,0.009896015,0.1978288,0.2967512,0.0009892191,0.4945348
205,0.009896183,0.1978281,0.2967517,0.0009892064,0.4945347
206,0.009896399,0.1978274,0.2967517,0.0009891943,0.4945353
207,0.009896658,0.1978264,0.2967511,0.0009891826,0.4945366
208,0.009896952,0.1978253,0.2967501,0.0009891724,0.4945384
209,0.009897275,0.1978241,0.2967484,0.0009891635,0.494541
210,0.009897612,0.1978228,0.2967462,0.0009891564,0.4945441
211,0.009897959,0.1978214,0.2967436,0.0009891511,0.4945478
212,0.009898311,0.1978199,0.2967407,0.0009891478,0.494552
213,0.009898654,0.1978186,0.2967374,0.0009891472,0.4945562
214,0.009898981,0.1978173,0.2967339,0.0009891489,0.4945607
215,0.009899282,0.1978159,0.2967302,0.0009891525,0.4945655
216,0.009899546,0.1978148,0.2967265,0.0009891585,0.4945701
217,0.00989977,0.1978137,0.2967228,0.0009891666,0.4945745
218,0.009899954,0.1978129,0.2967194,0.0009891768,0.4945786
219,0.009900079,0.1978122,0.296716,0.0009891879,0.4945824
220,0.009900154,0.1978118,0.2967131,0.0009892005,0.4945857
221,0.009900169,0.1978116,0.2967106,0.0009892139,0.4945884
222,0.009900133,0.1978117,0.2967086,0.0009892278,0.4945904
223,0.009900034,0.197812,0.296707,0.0009892414,0.4945917
224,0.009899884,0.1978125,0.2967061,0.0009892548,0.4945922
225,0.009899685,0.1978132,0.2967058,0.0009892668,0.4945919
226,0.009899446,0.1978142,0.2967063,0.000989278,0.4945908
227,0.009899169,0.1978153,0.2967073,0.0009892872,0.4945889
228,0.009898865,0.1978166,0.296709,0.0009892941,0.4945863
229,0.009898539,0.197818,0.2967112,0.0009892988,0.4945829
230,0.009898204,0.1978196,0.296714,0.0009893011,0.4945789
231,0.009897868,0.1978211,0.2967173,0.0009893002,0.4945745
232,0.009897536,0.1978226,0.2967209,0.0009892964,0.4945697
233,0.009897227,0.1978242,0.2967248,0.0009892898,0.4945644
234,0.009896945,0.1978256,0.296729,0.0009892804,0.4945593
235,0.0098967,0.197827,0.2967333,0.0009892682,0.4945538
236,0.009896502,0.1978282,0.2967375,0.0009892534,0.4945486
237,0.009896348,0.1978291,0.2967415,0.0009892369,0.4945437
238,0.009896252,0.1978299,0.2967454,0.0009892184,0.4945391
239,0.009896215,0.1978305,0.2967489,0.0009891986,0.4945351
240,0.009896236,0.1978308,0.2967519,0.0009891777,0.4945318
241,0.009896321,0.1978308,0.2967545,0.0009891574,0.4945291
242,0.009896464,0.1978305,0.2967564,0.0009891364,0.4945275
243,0.009896666,0.19783,0.2967578,0.0009891168,0.4945264
244,0.00989691,0.1978292,0.2967582,0.0009890982,0.4945265
245,0.009897207,0.1978282,0.2967581,0.0009890819,0.4945273
246,0.00989754,0.197827,0.2967572,0.0009890681,0.4945292
247,0.009897898,0.1978256,0.2967556,0.0009890565,0.494532
248,0.009898276,0.197824,0.2967532,0.0009890491,0.4945354
249,0.009898662,0.1978224,0.2967502,0.0009890447,0.4945397
250,0.009899041,0.1978207,0.2967467,0.0009890441,0.4945445
251,0.009899404,0.1978189,0.2967426,0.0009890477,0.49455
252,0.009899747,0.1978173,0.2967383,0.0009890555,0.4945557
253,0.00990005,0.1978156,0.2967337,0.0009890668,0.4945616
254,0.009900311,0.1978142,0.296729,0.0009890823,0.4945675
255,0.009900514,0.1978129,0.2967242,0.0009891008,0.4945734
256,0.009900657,0.1978118,0.2967196,0.0009891223,0.494579
257,0.009900728,0.1978109,0.2967151,0.0009891468,0.4945841
258,0.009900731,0.1978103,0.2967111,0.0009891731,0.4945887
259,0.00990066,0.19781,0.2967075,0.0009892009,0.4945926
260,0.00990052,0.19781,0.2967046,0.0009892294,0.4945957
261,0.009900301,0.1978103,0.2967023,0.0009892579,0.4945979
262,0.00990002,0.1978109,0.2967008,0.0009892862,0.4945989
263,0.009899675,0.1978118,0.2967001,0.0009893132,0.4945991
264,0.009899277,0.197813,0.2967002,0.0009893378,0.4945982
265,0.009898837,0.1978144,0.2967011,0.00098936,0.4945963
266,0.009898364,0.197816,0.2967029,0.0009893789,0.4945933
267,0.009897873,0.1978179,0.2967055,0.000989394,0.4945894
268,0.00989737,0.1978198,0.2967088,0.0009894047,0.4945846
269,0.009896874,0.1978218,0.2967128,0.000989411,0.4945792
270,0.009896399,0.1978238,0.2967173,0.0009894123,0.494573
271,0.009895954,0.1978258,0.2967223,0.0009894089,0.4945665
272,0.009895558,0.1978277,0.2967276,0.0009894003,0.4945598
273,0.009895215,0.1978294,0.296733,0.0009893867,0.4945529
274,0.009894945,0.197831,0.2967385,0.0009893689,0.4945461
275,0.009894748,0.1978323,0.2967439,0.0009893468,0.4945396
276,0.009894639,0.1978334,0.2967491,0.0009893213,0.4945336
277,0.009894613,0.1978341,0.2967538,0.0009892918,0.4945283
278,0.00989468,0.1978344,0.2967579,0.0009892605,0.4945237
279,0.009894843,0.1978345,0.2967614,0.0009892277,0.4945201
280,0.009895095,0.1978341,0.2967642,0.0009891938,0.4945174
281,0.009895428,0.1978334,0.2967659,0.0009891597,0.4945161
282,0.009895843,0.1978323,0.2967668,0.0009891266,0.4945158
283,0.009896332,0.1978309,0.2967669,0.0009890952,0.4945167
284,0.009896876,0.1978293,0.2967659,0.0009890661,0.4945188
285,0.009897467,0.1978274,0.2967639,0.0009890402,0.4945222
286,0.00989809,0.1978252,0.296761,0.000989018,0.4945267
287,0.00989873,0.1978229,0.2967572,0.0009890005,0.4945322
288,0.009899371,0.1978205,0.2967527,0.000988988,0.4945384
289,0.009899993,0.1978181,0.2967474,0.0009889804,0.4945455
290,0.009900583,0.1978157,0.2967417,0.0009889784,0.4945531
291,0.009901122,0.1978133,0.2967355,0.0009889822,0.494561
292,0.009901606,0.1978112,0.2967291,0.0009889913,0.4945691
293,0.009902008,0.1978093,0.2967226,0.0009890059,0.4945771
294,0.009902317,0.1978077,0.2967162,0.0009890255,0.4945848
295,0.009902529,0.1978063,0.2967101,0.0009890492,0.494592
296,0.00990264,0.1978054,0.2967046,0.0009890775,0.4945984
297,0.009902634,0.1978047,0.2966994,0.0009891082,0.4946041
298,0.009902521,0.1978046,0.2966952,0.0009891419,0.4946086
299,0.009902298,0.1978049,0.2966918,0.0009891769,0.4946118
300,0.009901969,0.1978056,0.2966894,0.0009892125,0.4946138
301,0.009901538,0.1978068,0.2966881,0.0009892478,0.4946144
302,0.009901013,0.1978083,0.2966878,0.0009892817,0.4946136
303,0.009900417,0.1978102,0.2966888,0.0009893138,0.4946114
304,0.009899753,0.1978124,0.2966909,0.000989343,0.4946077
305,0.009899041,0.1978149,0.296694,0.0009893677,0.4946027
306,0.009898299,0.1978175,0.2966983,0.0009893887,0.4945965
307,0.00989755,0.1978204,0.2967035,0.0009894045,0.4945892
308,0.009896806,0.1978233,0.2967094,0.0009894142,0.494581
309,0.009896087,0.1978261,0.2967161,0.0009894187,0.4945722
310,0.009895418,0.197829,0.2967234,0.0009894173,0.4945628
311,0.009894809,0.1978315,0.2967308,0.0009894094,0.4945534
312,0.009894283,0.197834,0.2967385,0.0009893961,0.4945439
313,0.009893852,0.1978361,0.2967461,0.0009893775,0.4945346
314,0.009893524,0.1978378,0.2967534,0.000989354,0.4945259
315,0.009893314,0.1978391,0.2967602,0.0009893259,0.494518
316,0.009893227,0.1978399,0.2967663,0.0009892944,0.4945111
317,0.009893269,0.1978403,0.2967717,0.0009892602,0.4945056
318,0.00989344,0.1978402,0.296776,0.0009892244,0.4945011
319,0.009893729,0.1978395,0.2967792,0.0009891879,0.4944983
320,0.009894139,0.1978384,0.2967811,0.0009891511,0.4944972
321,0.009894656,0.1978368,0.2967818,0.000989116,0.4944977
322,0.009895273,0.1978348,0.2967812,0.0009890835,0.4944997
323,0.00989596,0.1978323,0.296779,0.0009890537,0.4945036
324,0.009896715,0.1978295,0.2967757,0.0009890283,0.494509
325,0.009897515,0.1978265,0.2967711,0.0009890079,0.4945158
326,0.009898335,0.1978233,0.2967654,0.000988993,0.494524
327,0.009899161,0.19782,0.2967587,0.0009889841,0.4945332
328,0.009899959,0.1978166,0.2967511,0.0009889815,0.4945432
329,0.009900723,0.1978134,0.2967428,0.0009889855,0.494554
330,0.009901419,0.1978103,0.2967342,0.000988996,0.4945651
331,0.009902029,0.1978074,0.2967252,0.0009890124,0.4945762
332,0.009902545,0.1978049,0.2967164,0.0009890354,0.4945871
333,0.009902945,0.1978027,0.2967078,0.0009890632,0.4945974
334,0.009903217,0.1978011,0.2966996,0.0009890959,0.4946071
335,0.009903357,0.1977999,0.2966923,0.0009891328,0.4946153
336,0.009903353,0.1977993,0.2966857,0.000989172,0.4946226
337,0.009903208,0.1977992,0.2966803,0.000989213,0.494628
338,0.009902925,0.1977997,0.2966761,0.0009892546,0.4946319
339,0.009902512,0.1978009,0.2966734,0.000989296,0.4946338
340,0.009901972,0.1978025,0.2966722,0.0009893357,0.494634
341,0.009901329,0.1978047,0.2966725,0.0009893724,0.4946321
342,0.009900591,0.1978074,0.2966743,0.0009894047,0.4946283
343,0.009899779,0.1978104,0.2966778,0.0009894326,0.4946226
344,0.009898913,0.1978137,0.2966826,0.0009894542,0.4946152
345,0.009898023,0.1978174,0.2966889,0.0009894695,0.4946062
346,0.009897124,0.1978211,0.2966964,0.0009894774,0.4945959
347,0.009896249,0.1978249,0.2967048,0.0009894775,0.4945845
348,0.009895414,0.1978287,0.2967141,0.0009894699,0.4945723
349,0.009894653,0.1978323,0.2967241,0.000989455,0.4945596
350,0.009893978,0.1978355,0.2967342,0.0009894322,0.4945469
351,0.009893416,0.1978385,0.2967445,0.0009894026,0.4945342
352,0.009892983,0.1978411,0.2967545,0.0009893667,0.494522
353,0.009892687,0.1978432,0.2967641,0.0009893249,0.4945108
354,0.009892542,0.1978446,0.2967728,0.0009892784,0.4945009
355,0.009892553,0.1978454,0.2967806,0.0009892287,0.4944923
356,0.009892729,0.1978456,0.2967871,0.0009891773,0.4944852
357,0.00989306,0.1978451,0.2967923,0.0009891248,0.4944803
358,0.009893541,0.197844,0.2967959,0.000989073,0.4944774
359,0.009894159,0.1978422,0.2967978,0.000989023,0.4944768
360,0.009894905,0.1978399,0.2967979,0.000988977,0.4944783
361,0.009895758,0.197837,0.2967963,0.0009889356,0.4944821
362,0.009896693,0.1978336,0.2967928,0.0009889002,0.494488
363,0.009897684,0.1978298,0.2967876,0.0009888714,0.4944962
364,0.009898714,0.1978257,0.2967808,0.0009888513,0.4945057
365,0.009899747,0.1978214,0.2967726,0.0009888393,0.4945174
366,0.009900757,0.1978171,0.2967631,0.000988837,0.4945301
367,0.009901715,0.1978128,0.2967526,0.000988844,0.4945441
368,0.009902593,0.1978086,0.2967414,0.0009888606,0.4945585
369,0.009903369,0.1978047,0.2967297,0.0009888865,0.4945733
370,0.009904016,0.1978013,0.2967179,0.0009889213,0.4945878
371,0.009904516,0.1977982,0.2967063,0.0009889642,0.494602
372,0.009904849,0.1977958,0.2966951,0.0009890142,0.4946153
373,0.00990501,0.197794,0.2966848,0.0009890703,0.4946271
374,0.009904979,0.1977929,0.2966755,0.0009891308,0.4946375
375,0.009904764,0.1977926,0.2966677,0.0009891944,0.4946457
376,0.00990436,0.197793,0.2966613,0.0009892593,0.494652
377,0.009903781,0.1977943,0.2966568,0.0009893246,0.4946558
378,0.009903029,0.1977961,0.2966542,0.0009893875,0.4946572
379,0.009902137,0.1977988,0.2966537,0.0009894475,0.4946559
380,0.009901118,0.1978021,0.2966553,0.0009895022,0.4946521
381,0.009899998,0.197806,0.2966589,0.00098955,0.4946456
382,0.009898794,0.1978103,0.2966644,0.0009895898,0.4946369
383,0.009897551,0.197815,0.296672,0.0009896205,0.4946258
384,0.009896303,0.19782,0.2966812,0.0009896411,0.4946129
385,0.009895078,0.1978251,0.296692,0.0009896508,0.4945981
386,0.009893908,0.1978301,0.2967039,0.0009896491,0.4945824
387,0.009892832,0.197835,0.2967168,0.0009896362,0.4945658
388,0.009891866,0.1978395,0.2967301,0.0009896113,0.4945489
389,0.00989106,0.1978437,0.296744,0.0009895766,0.4945318
390,0.00989042,0.1978473,0.2967573,0.0009895309,0.4945154
391,0.009889982,0.1978503,0.2967705,0.000989477,0.4944998
392,0.009889743,0.1978525,0.2967826,0.000989415,0.4944856
393,0.009889731,0.197854,0.2967936,0.0009893469,0.4944734
394,0.009889938,0.1978544,0.296803,0.0009892738,0.4944633
395,0.009890368,0.1978541,0.2968107,0.0009891983,0.4944556
396,0.009891016,0.1978529,0.2968164,0.000989122,0.4944506
397,0.009891863,0.1978507,0.2968197,0.0009890465,0.4944487
398,0.009892895,0.1978477,0.2968209,0.0009889746,0.4944495
399,0.009894082,0.197844,0.2968194,0.0009889072,0.4944536
400,0.00989541,0.1978396,0.2968158,0.0009888477,0.4944603
401,0.009896829,0.1978346,0.2968097,0.0009887959,0.4944701
402,0.009898313,0.1978292,0.2968014,0.0009887544,0.4944823
403,0.009899817,0.1978234,0.296791,0.0009887239,0.494497
404,0.009901309,0.1978174,0.2967789,0.0009887055,0.4945137
405,0.009902749,0.1978115,0.2967653,0.0009887,0.4945316
406,0.009904097,0.1978058,0.2967505,0.0009887075,0.4945509
407,0.009905306,0.1978002,0.2967349,0.0009887279,0.4945708
408,0.009906356,0.1977953,0.2967191,0.0009887613,0.4945906
409,0.009907208,0.1977908,0.2967032,0.0009888062,0.49461
410,0.009907837,0.1977871,0.2966878,0.0009888617,0.4946284
411,0.009908224,0.1977843,0.2966733,0.0009889273,0.4946453
412,0.009908354,0.1977824,0.29666,0.0009890001,0.4946602
413,0.009908224,0.1977815,0.2966486,0.0009890795,0.4946726
414,0.009907825,0.1977815,0.2966391,0.0009891622,0.4946825
415,0.009907176,0.1977828,0.296632,0.0009892472,0.4946889
416,0.009906276,0.197785,0.2966273,0.0009893316,0.4946921
417,0.009905153,0.1977882,0.2966254,0.0009894135,0.4946918
418,0.00990383,0.1977923,0.2966263,0.0009894898,0.494688
419,0.009902348,0.1977974,0.2966301,0.0009895602,0.4946806
420,0.009900723,0.197803,0.2966365,0.0009896203,0.4946701
421,0.009899018,0.1978093,0.2966457,0.0009896704,0.4946563
422,0.009897266,0.197816,0.2966572,0.0009897078,0.4946397
423,0.009895519,0.1978229,0.296671,0.0009897322,0.4946208
424,0.009893812,0.1978299,0.2966865,0.0009897422,0.4945999
425,0.009892205,0.1978367,0.2967036,0.0009897377,0.4945777
426,0.009890732,0.1978433,0.2967216,0.0009897185,0.4945546
427,0.009889436,0.1978493,0.2967402,0.0009896851,0.4945314
428,0.009888355,0.1978547,0.2967587,0.0009896378,0.4945086
429,0.009887516,0.1978592,0.2967769,0.0009895782,0.4944868
430,0.009886954,0.1978628,0.2967941,0.0009895079,0.4944666
431,0.009886679,0.1978654,0.2968099,0.0009894284,0.4944486
432,0.009886706,0.1978668,0.2968238,0.0009893414,0.4944333
433,0.009887037,0.197867,0.2968355,0.0009892499,0.4944212
434,0.009887666,0.197866,0.2968445,0.000989156,0.4944127
435,0.009888583,0.1978637,0.2968507,0.0009890619,0.4944079
436,0.009889767,0.1978603,0.2968538,0.0009889709,0.4944072
437,0.009891185,0.1978558,0.2968535,0.0009888845,0.4944105
438,0.009892811,0.1978503,0.2968501,0.0009888065,0.4944181
439,0.009894601,0.197844,0.2968434,0.000988738,0.4944292
440,0.009896503,0.1978368,0.2968336,0.0009886813,0.4944444
441,0.009898474,0.1978292,0.2968209,0.0009886387,0.4944628
442,0.009900467,0.1978213,0.2968056,0.0009886109,0.4944841
443,0.009902423,0.1978132,0.296788,0.0009885989,0.4945077
444,0.009904285,0.1978052,0.2967686,0.0009886036,0.4945333
445,0.009906009,0.1977976,0.296748,0.0009886252,0.4945598
446,0.009907543,0.1977904,0.2967266,0.0009886632,0.4945868
447,0.009908842,0.1977839,0.2967049,0.0009887166,0.4946135
448,0.009909871,0.1977784,0.2966836,0.0009887844,0.4946393
449,0.009910599,0.1977739,0.2966633,0.000988865,0.4946634
450,0.009910998,0.1977705,0.2966443,0.0009889564,0.4946851
451,0.009911058,0.1977686,0.2966275,0.0009890567,0.4947038
452,0.009910772,0.197768,0.2966133,0.0009891627,0.4947189
453,0.009910134,0.1977687,0.2966018,0.0009892712,0.49473
454,0.00990916,0.1977708,0.2965937,0.0009893798,0.494737
455,0.009907885,0.1977744,0.2965891,0.0009894855,0.4947392
456,0.009906329,0.1977793,0.2965884,0.0009895858,0.4947364
457,0.009904527,0.1977853,0.2965913,0.000989677,0.4947291
458,0.009902528,0.1977924,0.2965981,0.0009897568,0.4947172
459,0.009900393,0.1978005,0.2966087,0.0009898233,0.4947007
460,0.009898159,0.1978091,0.2966225,0.0009898735,0.4946804
461,0.0098959,0.1978182,0.2966396,0.0009899067,0.4946564
462,0.009893673,0.1978275,0.2966594,0.0009899209,0.4946295
463,0.009891537,0.1978368,0.2966813,0.0009899159,0.4946004
464,0.009889556,0.1978458,0.296705,0.000989891,0.4945698
465,0.00988778,0.1978542,0.2967296,0.0009898468,0.4945386
466,0.00988626,0.1978619,0.2967547,0.0009897843,0.4945074
467,0.009885047,0.1978685,0.2967795,0.0009897043,0.4944773
468,0.009884174,0.197874,0.2968033,0.0009896093,0.494449
469,0.009883674,0.1978781,0.2968256,0.0009895015,0.4944231
470,0.009883567,0.1978808,0.2968458,0.0009893839,0.4944005
471,0.009883852,0.1978818,0.296863,0.0009892583,0.4943821
472,0.009884533,0.1978813,0.296877,0.0009891285,0.494368
473,0.009885604,0.1978792,0.2968874,0.0009889988,0.4943589
474,0.009887028,0.1978753,0.2968936,0.000988871,0.4943552
475,0.009888789,0.19787,0.2968956,0.0009887506,0.4943569
476,0.009890826,0.1978632,0.2968931,0.000988639,0.4943641
477,0.009893109,0.1978553,0.2968864,0.0009885408,0.4943767
478,0.009895567,0.1978463,0.2968753,0.0009884581,0.4943944
479,0.009898139,0.1978365,0.2968602,0.0009883937,0.4944167
480,0.009900756,0.1978261,0.2968415,0.0009883494,0.4944434
481,0.009903348,0.1978155,0.2968194,0.0009883273,0.4944735
482,0.009905847,0.1978048,0.2967947,0.0009883278,0.4945064
483,0.009908178,0.1977943,0.2967678,0.0009883515,0.4945415
484,0.009910282,0.1977844,0.2967395,0.0009883982,0.4945775
485,0.009912095,0.1977754,0.2967106,0.0009884676,0.4946135
486,0.009913557,0.1977674,0.2966816,0.0009885572,0.4946488
487,0.00991463,0.1977607,0.2966536,0.0009886655,0.4946823
488,0.009915276,0.1977555,0.2966273,0.0009887901,0.4947129
489,0.009915468,0.1977521,0.2966034,0.0009889279,0.4947401
490,0.009915197,0.1977505,0.2965825,0.0009890754,0.4947628
491,0.009914458,0.1977507,0.2965654,0.0009892293,0.4947802
492,0.009913262,0.1977528,0.2965523,0.0009893847,0.4947923
493,0.009911639,0.1977568,0.2965439,0.0009895379,0.4947982
494,0.009909624,0.1977626,0.2965405,0.0009896851,0.4947976
495,0.009907261,0.1977701,0.2965422,0.0009898216,0.4947907
496,0.009904614,0.197779,0.2965489,0.0009899441,0.4947775
497,0.009901746,0.1977893,0.2965607,0.0009900493,0.4947582
498,0.009898733,0.1978005,0.2965772,0.0009901337,0.4947333
499,0.009895646,0.1978125,0.2965982,0.0009901947,0.4947034
500,0.009892584,0.197825,0.2966232,0.0009902307,0.494669
501,0.009889613,0.1978375,0.2966514,0.0009902403,0.4946313
502,0.009886819,0.1978497,0.2966822,0.000990222,0.494591
503,0.009884282,0.1978614,0.2967147,0.000990177,0.4945494
504,0.009882079,0.1978723,0.2967483,0.0009901056,0.4945073
505,0.009880261,0.1978818,0.2967819,0.0009900088,0.4944661
506,0.009878898,0.1978898,0.2968145,0.0009898898,0.4944267
507,0.009878027,0.1978962,0.2968455,0.0009897511,0.4943905
508,0.009877677,0.1979006,0.2968739,0.0009895955,0.4943583
509,0.00987787,0.1979029,0.2968989,0.0009894271,0.494331
510,0.009878604,0.1979031,0.2969197,0.0009892505,0.4943093
511,0.00987988,0.1979011,0.2969358,0.0009890704,0.4942941
512,0.009881661,0.1978968,0.2969466,0.0009888906,0.4942861
513,0.009883914,0.1978905,0.2969519,0.0009887172,0.494285
514,0.009886592,0.1978822,0.2969513,0.000988554,0.4942913
515,0.009889621,0.1978721,0.2969448,0.0009884055,0.4943052
516,0.009892932,0.1978605,0.2969325,0.0009882759,0.4943258
517,0.009896436,0.1978476,0.2969145,0.0009881691,0.4943531
518,0.009900049,0.1978339,0.2968914,0.0009880884,0.4943866
519,0.009903673,0.1978195,0.2968635,0.0009880358,0.4944254
520,0.009907214,0.197805,0.2968317,0.0009880135,0.4944681
521,0.009910577,0.1977907,0.2967966,0.0009880225,0.4945141
522,0.009913664,0.1977769,0.2967593,0.0009880628,0.4945622
523,0.009916387,0.197764,0.2967204,0.0009881337,0.4946111
524,0.009918681,0.1977525,0.2966813,0.0009882344,0.4946592
525,0.009920457,0.1977426,0.2966428,0.0009883619,0.4947058
526,0.009921672,0.1977346,0.2966062,0.0009885136,0.494749
527,0.009922281,0.1977288,0.2965722,0.0009886854,0.494788
528,0.00992226,0.1977255,0.296542,0.0009888739,0.4948215
529,0.009921595,0.1977246,0.2965164,0.000989073,0.4948483
530,0.009920295,0.1977262,0.2964962,0.0009892783,0.494868
531,0.009918395,0.1977305,0.296482,0.0009894844,0.4948796
532,0.009915918,0.1977372,0.2964742,0.000989685,0.494883
533,0.009912938,0.1977463,0.2964733,0.0009898754,0.4948777
534,0.00990952,0.1977576,0.2964793,0.0009900507,0.4948635
535,0.009905748,0.1977706,0.2964922,0.0009902045,0.4948412
536,0.009901721,0.1977853,0.2965117,0.0009903336,0.4948109
537,0.009897542,0.1978012,0.2965374,0.0009904336,0.4947734
538,0.009893328,0.197818,0.2965689,0.0009905021,0.4947293
539,0.009889176,0.197835,0.2966051,0.0009905358,0.4946803
540,0.009885206,0.1978518,0.2966453,0.0009905337,0.4946272
541,0.00988153,0.1978682,0.2966884,0.0009904959,0.4945714
542,0.00987824,0.1978835,0.2967332,0.0009904216,0.4945146
543,0.00987544,0.1978974,0.2967789,0.0009903142,0.4944581
544,0.009873205,0.1979093,0.2968238,0.0009901746,0.4944035
545,0.009871608,0.1979192,0.296867,0.0009900068,0.4943523
546,0.009870696,0.1979265,0.2969072,0.000989815,0.4943058
547,0.009870499,0.197931,0.2969432,0.0009896035,0.4942656
548,0.009871043,0.1979327,0.2969742,0.0009893784,0.4942326
549,0.009872318,0.1979315,0.2969991,0.0009891451,0.4942079
550,0.009874302,0.1979273,0.2970172,0.00098891,0.4941924
551,0.009876952,0.1979201,0.2970281,0.0009886794,0.4941862
552,0.009880209,0.1979102,0.2970311,0.0009884593,0.4941901
553,0.009883993,0.1978977,0.2970262,0.0009882561,0.4942039
554,0.009888213,0.197883,0.2970133,0.0009880757,0.4942275
555,0.009892764,0.1978665,0.2969927,0.0009879232,0.4942601
556,0.009897525,0.1978485,0.2969648,0.0009878026,0.4943014
557,0.009902375,0.1978294,0.2969301,0.000987718,0.4943503
558,0.009907188,0.1978098,0.2968897,0.0009876727,0.4944056
559,0.009911829,0.1977903,0.2968443,0.0009876679,0.4944659
560,0.009916167,0.1977712,0.2967951,0.0009877047,0.4945298
561,0.009920089,0.1977532,0.2967435,0.0009877827,0.4945955
562,0.009923487,0.1977368,0.2966908,0.000987901,0.4946612
563,0.009926243,0.1977222,0.2966381,0.0009880556,0.4947255
564,0.009928288,0.1977101,0.2965872,0.0009882447,0.4947862
565,0.009929548,0.1977008,0.2965394,0.0009884627,0.4948419
566,0.009929983,0.1976945,0.2964959,0.0009887043,0.494891
567,0.009929558,0.1976914,0.2964579,0.0009889627,0.4949321
568,0.009928286,0.1976919,0.2964269,0.0009892328,0.4949637
569,0.009926174,0.1976958,0.2964035,0.0009895063,0.494985
570,0.00992328,0.1977031,0.2963886,0.000989776,0.4949952
571,0.009919663,0.1977137,0.2963827,0.0009900344,0.4949938
572,0.009915415,0.1977274,0.2963861,0.0009902746,0.4949807
573,0.009910638,0.1977439,0.2963989,0.0009904898,0.494956
574,0.009905457,0.1977626,0.2964209,0.0009906734,0.4949203
575,0.009900006,0.1977833,0.2964517,0.0009908199,0.4948742
576,0.009894429,0.1978052,0.2964903,0.0009909251,0.4948191
577,0.009888866,0.1978279,0.296536,0.0009909846,0.4947561
578,0.009883485,0.1978508,0.2965879,0.0009909975,0.4946868
579,0.009878414,0.1978731,0.2966442,0.0009909613,0.4946133
580,0.009873809,0.1978945,0.2967037,0.0009908769,0.4945371
581,0.009869794,0.1979141,0.2967648,0.0009907456,0.4944605
582,0.009866489,0.1979315,0.2968259,0.0009905705,0.4943855
583,0.009863988,0.1979462,0.2968854,0.0009903552,0.494314
584,0.009862369,0.1979576,0.2969416,0.000990105,0.4942483
585,0.009861698,0.1979656,0.2969931,0.0009898265,0.4941897
586,0.009861996,0.1979697,0.2970382,0.0009895259,0.4941405
587,0.00986328,0.19797,0.297076,0.0009892118,0.4941016
588,0.009865526,0.1979663,0.2971049,0.0009888919,0.4940745
589,0.009868686,0.1979585,0.2971243,0.0009885741,0.4940599
590,0.00987269,0.1979468,0.2971334,0.0009882678,0.4940587
591,0.009877455,0.1979318,0.2971321,0.0009879814,0.4940706
592,0.009882853,0.1979135,0.2971201,0.0009877227,0.4940959
593,0.009888754,0.1978924,0.2970974,0.0009874988,0.494134
594,0.009895013,0.1978691,0.2970646,0.0009873162,0.494184
595,0.00990146,0.1978442,0.2970224,0.0009871811,0.4942448
596,0.009907927,0.1978182,0.2969716,0.0009870973,0.4943151
597,0.009914252,0.1977919,0.2969138,0.0009870683,0.4943929
598,0.009920243,0.197766,0.2968501,0.0009870958,0.4944767
599,0.009925743,0.1977411,0.2967821,0.0009871795,0.4945639
600,0.009930588,0.1977179,0.2967117,0.0009873185,0.4946525
601,0.009934645,0.1976972,0.2966407,0.0009875107,0.49474
602,0.009937778,0.1976793,0.2965708,0.0009877505,0.4948243
603,0.009939896,0.197665,0.2965042,0.0009880331,0.4949028
604,0.009940919,0.1976546,0.2964426,0.0009883515,0.4949735
605,0.009940805,0.1976485,0.2963879,0.0009886984,0.4950342
606,0.009939539,0.1976469,0.2963415,0.0009890643,0.4950829
607,0.009937128,0.19765,0.296305,0.0009894394,0.4951184
608,0.009933626,0.1976577,0.2962794,0.0009898144,0.4951394
609,0.009929115,0.19767,0.2962656,0.0009901793,0.4951452
610,0.009923687,0.1976865,0.2962643,0.0009905233,0.495135
611,0.009917492,0.197707,0.2962756,0.0009908375,0.4951091
612,0.009910674,0.1977309,0.2962994,0.0009911126,0.495068
613,0.009903416,0.1977576,0.2963353,0.0009913408,0.4950123
614,0.009895898,0.1977864,0.2963825,0.000991515,0.4949437
615,0.00988833,0.1978166,0.2964398,0.0009916299,0.4948637
616,0.009880908,0.1978474,0.2965059,0.0009916812,0.494774
617,0.009873836,0.197878,0.2965792,0.0009916674,0.4946772
618,0.009867304,0.1979075,0.2966575,0.0009915867,0.494576
619,0.009861503,0.1979351,0.2967391,0.0009914415,0.4944728
620,0.009856595,0.19796,0.2968217,0.0009912336,0.4943704
621,0.009852716,0.1979815,0.296903,0.0009909684,0.4942718
622,0.009849999,0.1979991,0.2969809,0.0009906524,0.4941794
623,0.00984852,0.1980119,0.2970532,0.0009902919,0.4940961
624,0.009848346,0.1980198,0.297118,0.0009898974,0.4940238
625,0.009849505,0.1980225,0.2971736,0.0009894787,0.4939649
626,0.009851973,0.1980198,0.2972181,0.0009890458,0.4939211
627,0.009855723,0.1980117,0.2972503,0.0009886107,0.4938937
628,0.009860665,0.1979984,0.2972691,0.0009881846,0.4938836
629,0.00986669,0.1979801,0.2972739,0.0009877789,0.4938915
630,0.009873655,0.1979572,0.2972643,0.0009874046,0.4939174
631,0.009881396,0.1979304,0.2972404,0.0009870728,0.4939607
632,0.009889722,0.1979004,0.2972026,0.0009867926,0.4940206
633,0.009898413,0.1978677,0.2971517,0.0009865722,0.4940957
634,0.00990724,0.1978331,0.2970886,0.0009864176,0.4941846
635,0.009915979,0.1977978,0.297015,0.0009863352,0.494285
636,0.009924392,0.1977624,0.2969326,0.0009863278,0.4943943
637,0.009932243,0.1977281,0.2968435,0.0009863965,0.4945098
638,0.009939314,0.1976956,0.2967498,0.0009865412,0.4946287
639,0.009945398,0.197666,0.2966542,0.000986759,0.4947477
640,0.009950318,0.1976399,0.2965589,0.0009870454,0.4948638
641,0.009953915,0.1976182,0.2964667,0.0009873931,0.4949739
642,0.009956074,0.1976015,0.2963801,0.0009877951,0.4950745
643,0.009956713,0.1975904,0.2963015,0.0009882401,0.4951631
644,0.009955784,0.1975853,0.2962333,0.0009887178,0.4952368
645,0.009953298,0.1975864,0.2961774,0.0009892151,0.4952937
646,0.009949285,0.1975939,0.2961357,0.0009897194,0.4953316
647,0.009943838,0.1976075,0.2961094,0.0009902166,0.495349
648,0.009937081,0.1976271,0.2960995,0.0009906936,0.4953455
649,0.009929184,0.1976523,0.2961068,0.0009911372,0.4953206
650,0.009920334,0.1976824,0.296131,0.0009915346,0.4952746
651,0.009910765,0.1977168,0.2961721,0.0009918745,0.4952084
652,0.009900722,0.1977546,0.2962289,0.0009921467,0.4951236
653,0.009890472,0.1977948,0.2963002,0.0009923428,0.4950221
654,0.009880283,0.1978363,0.2963843,0.0009924563,0.4949067
655,0.009870433,0.197878,0.2964791,0.0009924831,0.4947801
656,0.009861187,0.1979188,0.296582,0.0009924215,0.4946457
657,0.0098528,0.1979575,0.2966905,0.0009922717,0.4945069
658,0.009845506,0.197993,0.2968016,0.0009920358,0.4943678
659,0.009839522,0.1980244,0.2969125,0.0009917207,0.4942317
660,0.009835014,0.1980508,0.2970202,0.0009913323,0.4941026
661,0.00983213,0.1980713,0.2971218,0.0009908809,0.493984
662,0.009830958,0.1980852,0.2972142,0.0009903766,0.4938793
663,0.009831569,0.1980922,0.2972952,0.0009898331,0.4937911
664,0.009833964,0.1980921,0.2973625,0.0009892647,0.4937222
665,0.009838111,0.1980846,0.2974139,0.0009886854,0.4936747
666,0.009843918,0.19807,0.297448,0.0009881107,0.49365
667,0.009851266,0.1980484,0.2974636,0.0009875565,0.4936492
668,0.009859985,0.1980206,0.2974601,0.0009870377,0.4936723
669,0.009869862,0.1979869,0.2974372,0.0009865682,0.4937194
