EwEVersion,"6.6.7.17812 (compiled 28/02/2022)"
Date,"26/02/2023 11:47:51 AM"
ModelName,CS_model_V1_110722
EcosimScenario,"New Ecosim scenario"
TimeSeries,(none)
StartYear,2020

Data,"Prey of Weedfish"

timestep\group,Gurnards,"Other crabs","Western King Prawn","Other prawns","Sea snails",Polychaetes,Urchins,Detritus,
1,0.00949704,0.0009497045,0.0009497125,0.0009495606,0.01899397,0.5997627,0.01899248,0.3499049
2,0.009496662,0.0009496965,0.0009497174,0.0009494683,0.01899372,0.5997274,0.01899157,0.3499418
3,0.009497016,0.0009496779,0.0009497658,0.0009494394,0.01899436,0.5997242,0.01899158,0.3499441
4,0.00949738,0.0009496701,0.0009498015,0.0009494143,0.01899487,0.5997184,0.01899183,0.3499486
5,0.009497673,0.0009496649,0.0009498265,0.0009493952,0.01899522,0.5997134,0.01899218,0.3499527
6,0.009497877,0.0009496601,0.0009498437,0.0009493823,0.01899544,0.5997102,0.01899259,0.3499551
7,0.009497979,0.0009496547,0.0009498548,0.0009493746,0.01899556,0.5997089,0.01899301,0.3499557
8,0.009497988,0.0009496488,0.0009498616,0.0009493709,0.01899563,0.5997091,0.01899344,0.349955
9,0.009497914,0.0009496422,0.000949865,0.0009493701,0.01899567,0.5997105,0.01899385,0.3499531
10,0.009497771,0.0009496353,0.0009498658,0.0009493717,0.01899571,0.5997129,0.01899423,0.3499505
11,0.009497579,0.0009496286,0.0009498649,0.000949375,0.01899577,0.5997161,0.01899455,0.3499471
12,0.009497351,0.0009496221,0.0009498622,0.0009493797,0.01899585,0.5997196,0.01899483,0.3499435
13,0.009497104,0.0009496162,0.0009498584,0.0009493852,0.01899595,0.5997235,0.01899505,0.3499395
14,0.009496856,0.0009496123,0.0009498533,0.0009493917,0.01899607,0.5997275,0.01899521,0.3499355
15,0.009496618,0.0009496096,0.000949847,0.0009493987,0.0189962,0.5997313,0.01899531,0.3499317
16,0.009496397,0.0009496092,0.0009498401,0.0009494064,0.01899633,0.5997349,0.01899536,0.3499281
17,0.009496203,0.0009496104,0.0009498321,0.0009494133,0.01899645,0.5997384,0.01899535,0.3499247
18,0.009496044,0.0009496146,0.000949824,0.0009494206,0.01899657,0.5997415,0.01899529,0.3499218
19,0.00949592,0.0009496211,0.0009498153,0.0009494273,0.01899666,0.599744,0.01899519,0.3499193
20,0.009495833,0.0009496302,0.0009498068,0.0009494334,0.01899672,0.5997462,0.01899505,0.3499174
21,0.00949579,0.0009496422,0.0009497986,0.0009494387,0.01899677,0.5997478,0.01899488,0.3499158
22,0.009495783,0.0009496563,0.0009497904,0.0009494425,0.01899678,0.5997488,0.01899466,0.349915
23,0.009495813,0.0009496731,0.0009497829,0.0009494451,0.01899676,0.5997493,0.01899444,0.3499148
24,0.009495881,0.0009496921,0.0009497766,0.0009494465,0.01899672,0.5997491,0.0189942,0.3499152
25,0.009495981,0.0009497135,0.0009497716,0.0009494462,0.01899667,0.5997485,0.01899394,0.3499159
26,0.009496106,0.0009497362,0.0009497675,0.0009494441,0.01899659,0.5997474,0.01899369,0.3499173
27,0.009496255,0.0009497606,0.0009497648,0.0009494401,0.01899651,0.5997455,0.01899343,0.3499194
28,0.009496422,0.0009497866,0.000949764,0.0009494349,0.01899642,0.5997431,0.01899318,0.3499218
29,0.009496603,0.0009498129,0.0009497646,0.0009494279,0.01899633,0.5997403,0.01899293,0.3499248
30,0.009496793,0.0009498402,0.0009497671,0.0009494191,0.01899626,0.5997371,0.01899272,0.3499281
31,0.009496986,0.0009498677,0.0009497711,0.0009494095,0.01899621,0.5997335,0.01899252,0.3499317
32,0.009497177,0.0009498941,0.0009497759,0.0009493979,0.01899616,0.5997295,0.01899233,0.3499357
33,0.009497363,0.0009499208,0.0009497831,0.0009493859,0.01899615,0.5997255,0.01899219,0.3499398
34,0.009497534,0.0009499462,0.0009497909,0.0009493727,0.01899616,0.5997211,0.01899207,0.349944
35,0.009497693,0.0009499703,0.0009498004,0.000949359,0.01899621,0.5997167,0.01899199,0.3499483
36,0.009497833,0.000949993,0.0009498107,0.0009493453,0.01899629,0.5997121,0.01899194,0.3499526
37,0.009497952,0.0009500139,0.0009498217,0.0009493314,0.0189964,0.5997078,0.01899192,0.3499568
38,0.009498045,0.0009500327,0.0009498337,0.0009493173,0.01899654,0.5997035,0.01899194,0.3499608
39,0.009498112,0.0009500492,0.0009498459,0.0009493036,0.0189967,0.5996993,0.01899198,0.3499647
40,0.009498151,0.0009500636,0.0009498584,0.0009492908,0.0189969,0.5996954,0.01899206,0.3499682
41,0.00949816,0.0009500755,0.000949871,0.0009492785,0.01899712,0.599692,0.01899217,0.3499712
42,0.009498142,0.0009500851,0.0009498834,0.0009492675,0.01899736,0.5996889,0.0189923,0.349974
43,0.009498093,0.0009500923,0.0009498952,0.0009492573,0.01899762,0.5996861,0.01899245,0.3499765
44,0.009498016,0.0009500975,0.0009499066,0.0009492488,0.0189979,0.5996841,0.01899263,0.3499781
45,0.009497915,0.0009501001,0.0009499172,0.0009492415,0.01899817,0.5996824,0.01899281,0.3499794
46,0.009497792,0.0009501014,0.0009499267,0.0009492359,0.01899846,0.5996811,0.01899301,0.3499804
47,0.009497643,0.0009501003,0.0009499349,0.0009492314,0.01899873,0.5996805,0.0189932,0.3499807
48,0.009497478,0.0009500978,0.0009499418,0.0009492285,0.01899899,0.5996803,0.0189934,0.3499805
49,0.009497297,0.0009500941,0.000949947,0.0009492273,0.01899924,0.5996807,0.01899358,0.3499799
50,0.009497109,0.0009500898,0.0009499514,0.0009492279,0.01899947,0.5996815,0.01899376,0.3499789
51,0.009496909,0.0009500845,0.0009499534,0.0009492291,0.01899968,0.5996826,0.01899391,0.3499775
52,0.009496713,0.0009500789,0.0009499544,0.0009492325,0.01899985,0.5996844,0.01899405,0.3499757
53,0.009496511,0.0009500733,0.0009499534,0.0009492366,0.01899999,0.5996863,0.01899415,0.3499737
54,0.009496316,0.0009500678,0.0009499511,0.0009492419,0.0190001,0.5996888,0.01899423,0.3499713
55,0.009496132,0.000950063,0.0009499476,0.0009492483,0.01900017,0.5996913,0.01899428,0.3499689
56,0.009495958,0.0009500587,0.0009499426,0.0009492552,0.0190002,0.599694,0.01899429,0.3499663
57,0.009495802,0.0009500556,0.0009499365,0.0009492626,0.0190002,0.5996969,0.01899428,0.3499637
58,0.009495659,0.000950053,0.0009499291,0.00094927,0.01900015,0.5996997,0.01899422,0.349961
59,0.009495539,0.0009500522,0.0009499211,0.0009492781,0.01900007,0.5997024,0.01899413,0.3499586
60,0.009495439,0.0009500525,0.0009499125,0.0009492859,0.01899997,0.5997051,0.01899401,0.3499562
61,0.009495365,0.0009500544,0.0009499036,0.0009492937,0.01899982,0.5997077,0.01899386,0.349954
62,0.009495312,0.0009500571,0.0009498943,0.0009493009,0.01899965,0.5997099,0.01899368,0.3499522
63,0.009495284,0.0009500615,0.0009498852,0.0009493078,0.01899946,0.599712,0.01899349,0.3499506
64,0.009495282,0.0009500671,0.0009498766,0.0009493142,0.01899926,0.5997137,0.01899327,0.3499492
65,0.009495297,0.0009500735,0.000949868,0.0009493197,0.01899904,0.5997151,0.01899303,0.3499483
66,0.009495337,0.0009500809,0.0009498604,0.0009493243,0.01899882,0.5997161,0.01899279,0.3499477
67,0.009495392,0.000950089,0.0009498537,0.0009493283,0.0189986,0.5997167,0.01899253,0.3499475
68,0.009495465,0.0009500975,0.0009498481,0.0009493315,0.01899839,0.5997171,0.01899229,0.3499475
69,0.009495551,0.0009501062,0.0009498436,0.0009493335,0.01899819,0.5997171,0.01899206,0.3499479
70,0.009495645,0.0009501146,0.00094984,0.0009493346,0.018998,0.5997165,0.01899182,0.3499487
71,0.009495746,0.0009501229,0.000949838,0.0009493351,0.01899785,0.5997158,0.01899161,0.3499496
72,0.009495853,0.0009501305,0.0009498376,0.0009493352,0.01899772,0.599715,0.01899143,0.3499508
73,0.009495957,0.0009501374,0.0009498381,0.000949334,0.01899762,0.5997137,0.01899127,0.3499521
74,0.009496056,0.000950143,0.0009498402,0.000949333,0.01899755,0.5997124,0.01899114,0.3499535
75,0.009496147,0.0009501473,0.0009498432,0.0009493313,0.01899752,0.5997108,0.01899104,0.3499551
76,0.009496232,0.0009501503,0.0009498477,0.0009493298,0.01899753,0.5997093,0.01899099,0.3499565
77,0.009496299,0.0009501517,0.000949853,0.000949328,0.01899758,0.5997077,0.01899096,0.3499581
78,0.009496351,0.0009501514,0.000949859,0.0009493264,0.01899767,0.5997063,0.01899098,0.3499594
79,0.009496388,0.0009501495,0.0009498655,0.0009493252,0.01899779,0.5997048,0.01899102,0.3499606
80,0.009496408,0.000950146,0.0009498724,0.0009493243,0.01899794,0.5997037,0.01899111,0.3499615
81,0.009496403,0.0009501406,0.0009498799,0.0009493243,0.01899813,0.5997028,0.01899122,0.3499621
82,0.009496381,0.0009501338,0.0009498868,0.0009493248,0.01899834,0.5997021,0.01899136,0.3499624
83,0.00949634,0.0009501256,0.0009498938,0.000949326,0.01899857,0.5997019,0.01899152,0.3499623
84,0.009496279,0.0009501161,0.0009499,0.0009493281,0.01899882,0.5997018,0.0189917,0.349962
85,0.0094962,0.0009501059,0.0009499057,0.0009493312,0.01899907,0.5997022,0.0189919,0.3499612
86,0.00949611,0.0009500951,0.0009499108,0.0009493359,0.01899934,0.5997031,0.01899211,0.34996
87,0.009496,0.0009500833,0.0009499143,0.0009493407,0.01899958,0.5997043,0.0189923,0.3499584
88,0.009495883,0.0009500716,0.0009499169,0.0009493469,0.01899982,0.5997059,0.01899249,0.3499566
89,0.009495759,0.0009500602,0.000949918,0.0009493539,0.01900005,0.5997078,0.01899268,0.3499543
90,0.009495633,0.0009500494,0.0009499181,0.0009493617,0.01900025,0.5997101,0.01899285,0.3499518
91,0.009495505,0.0009500392,0.0009499162,0.0009493703,0.01900042,0.5997128,0.01899299,0.3499489
92,0.009495379,0.0009500303,0.0009499131,0.0009493792,0.01900056,0.5997155,0.01899311,0.3499461
93,0.009495259,0.0009500225,0.0009499084,0.0009493885,0.01900066,0.5997183,0.01899319,0.3499432
94,0.009495153,0.0009500164,0.0009499025,0.0009493987,0.01900072,0.5997217,0.01899323,0.3499399
95,0.009495056,0.0009500122,0.0009498953,0.0009494085,0.01900073,0.5997249,0.01899324,0.3499368
96,0.009494979,0.00095001,0.0009498873,0.0009494185,0.01900071,0.5997281,0.01899322,0.3499337
97,0.009494917,0.0009500096,0.000949878,0.0009494282,0.01900063,0.5997311,0.01899314,0.3499308
98,0.009494875,0.0009500114,0.0009498683,0.0009494374,0.01900051,0.5997342,0.01899303,0.3499281
99,0.009494855,0.0009500156,0.0009498581,0.0009494463,0.01900035,0.599737,0.01899289,0.3499256
100,0.009494858,0.0009500214,0.0009498473,0.0009494542,0.01900015,0.5997395,0.01899271,0.3499234
101,0.009494887,0.0009500296,0.0009498369,0.0009494613,0.01899991,0.5997417,0.0189925,0.3499217
102,0.009494937,0.0009500392,0.0009498266,0.0009494676,0.01899964,0.5997434,0.01899226,0.3499205
103,0.009495007,0.0009500505,0.0009498171,0.0009494727,0.01899935,0.5997449,0.018992,0.3499195
104,0.009495098,0.0009500628,0.0009498076,0.0009494763,0.01899904,0.5997457,0.01899173,0.3499191
105,0.009495208,0.0009500762,0.0009497999,0.0009494792,0.01899872,0.5997462,0.01899145,0.349919
106,0.009495333,0.0009500904,0.0009497931,0.0009494807,0.01899839,0.5997463,0.01899117,0.3499194
107,0.00949547,0.0009501048,0.0009497875,0.0009494811,0.01899807,0.5997459,0.01899089,0.3499203
108,0.009495619,0.0009501192,0.0009497836,0.00094948,0.01899776,0.599745,0.01899064,0.3499216
109,0.009495772,0.0009501334,0.0009497816,0.0009494781,0.01899747,0.5997438,0.01899039,0.3499231
110,0.00949593,0.0009501469,0.0009497809,0.0009494751,0.0189972,0.5997421,0.01899018,0.3499251
111,0.009496086,0.0009501592,0.000949782,0.0009494713,0.01899696,0.5997401,0.01899001,0.3499275
112,0.009496242,0.0009501709,0.0009497854,0.000949467,0.01899677,0.5997379,0.01898988,0.3499299
113,0.009496382,0.0009501802,0.0009497894,0.0009494614,0.0189966,0.5997353,0.01898977,0.3499325
114,0.009496516,0.0009501881,0.0009497954,0.0009494556,0.01899648,0.5997328,0.01898972,0.3499351
115,0.009496634,0.0009501938,0.0009498027,0.0009494496,0.01899641,0.5997301,0.01898971,0.3499377
116,0.009496734,0.0009501978,0.0009498112,0.0009494436,0.01899638,0.5997274,0.01898975,0.3499403
117,0.009496816,0.0009501996,0.000949821,0.0009494376,0.01899641,0.5997248,0.01898984,0.3499426
118,0.009496878,0.0009501992,0.0009498311,0.0009494315,0.01899648,0.5997223,0.01898998,0.3499449
119,0.009496919,0.000950197,0.0009498421,0.0009494261,0.0189966,0.5997199,0.01899017,0.3499469
120,0.009496939,0.0009501929,0.0009498531,0.000949421,0.01899676,0.5997178,0.01899039,0.3499486
121,0.009496937,0.0009501871,0.0009498642,0.0009494163,0.01899696,0.5997161,0.01899064,0.34995
122,0.009496914,0.0009501799,0.0009498747,0.0009494126,0.01899718,0.5997145,0.01899092,0.349951
123,0.009496874,0.0009501718,0.0009498849,0.0009494097,0.01899744,0.5997134,0.01899123,0.3499516
124,0.009496815,0.0009501624,0.0009498943,0.0009494073,0.01899771,0.5997127,0.01899155,0.3499517
125,0.009496743,0.000950153,0.0009499023,0.0009494059,0.018998,0.5997124,0.01899187,0.3499516
126,0.009496661,0.0009501436,0.0009499096,0.0009494053,0.01899829,0.5997124,0.0189922,0.349951
127,0.00949657,0.0009501344,0.0009499149,0.000949405,0.01899857,0.5997127,0.0189925,0.3499502
128,0.009496475,0.0009501257,0.000949919,0.0009494057,0.01899885,0.5997134,0.0189928,0.3499491
129,0.009496381,0.0009501186,0.0009499213,0.0009494066,0.01899912,0.5997143,0.01899306,0.3499477
130,0.009496289,0.0009501128,0.0009499224,0.0009494082,0.01899936,0.5997157,0.0189933,0.349946
131,0.009496202,0.0009501087,0.0009499209,0.0009494096,0.01899957,0.5997169,0.01899349,0.3499444
132,0.009496131,0.0009501069,0.0009499188,0.0009494116,0.01899975,0.5997186,0.01899363,0.3499424
133,0.00949607,0.0009501078,0.0009499153,0.0009494136,0.0189999,0.5997202,0.01899374,0.3499407
134,0.009496027,0.0009501106,0.0009499098,0.0009494149,0.01900001,0.5997217,0.01899378,0.349939
135,0.009496004,0.0009501163,0.0009499038,0.0009494163,0.01900009,0.5997232,0.01899379,0.3499374
136,0.009496001,0.0009501248,0.0009498966,0.0009494171,0.01900012,0.5997247,0.01899373,0.349936
137,0.00949602,0.0009501355,0.0009498886,0.0009494168,0.01900011,0.5997257,0.01899362,0.3499351
138,0.009496063,0.000950149,0.0009498804,0.0009494159,0.01900006,0.5997264,0.01899347,0.3499345
139,0.009496126,0.0009501645,0.0009498718,0.0009494144,0.01899998,0.5997269,0.01899327,0.3499343
140,0.009496208,0.0009501823,0.0009498638,0.0009494117,0.01899987,0.599727,0.01899303,0.3499345
141,0.00949631,0.0009502011,0.0009498559,0.0009494076,0.01899974,0.5997266,0.01899276,0.3499351
142,0.009496431,0.0009502213,0.0009498487,0.0009494028,0.01899959,0.5997259,0.01899247,0.3499362
143,0.009496564,0.0009502426,0.0009498428,0.0009493971,0.01899943,0.5997247,0.01899215,0.3499376
144,0.009496706,0.0009502638,0.000949838,0.0009493903,0.01899926,0.5997232,0.01899183,0.3499395
145,0.009496854,0.0009502848,0.0009498341,0.0009493824,0.01899909,0.5997211,0.01899151,0.3499419
146,0.009497004,0.0009503053,0.0009498326,0.0009493739,0.01899893,0.5997187,0.0189912,0.3499447
147,0.009497148,0.0009503244,0.0009498323,0.0009493653,0.01899879,0.5997161,0.01899091,0.3499475
148,0.009497286,0.0009503417,0.0009498337,0.0009493559,0.01899867,0.5997131,0.01899064,0.3499507
149,0.00949741,0.0009503565,0.0009498369,0.0009493467,0.01899858,0.5997101,0.01899041,0.349954
150,0.009497517,0.000950369,0.0009498418,0.0009493374,0.01899852,0.5997071,0.01899023,0.3499572
151,0.009497601,0.000950378,0.0009498482,0.0009493284,0.0189985,0.5997038,0.01899008,0.3499605
152,0.009497657,0.0009503835,0.0009498561,0.0009493198,0.01899851,0.5997007,0.01898999,0.3499635
153,0.009497687,0.0009503856,0.0009498653,0.0009493124,0.01899857,0.5996978,0.01898995,0.3499664
154,0.009497683,0.0009503835,0.0009498752,0.0009493058,0.01899866,0.5996951,0.01898997,0.349969
155,0.009497649,0.0009503778,0.0009498864,0.0009493009,0.0189988,0.5996928,0.01899006,0.3499711
156,0.009497576,0.000950368,0.0009498974,0.0009492972,0.01899897,0.599691,0.01899019,0.3499726
157,0.009497469,0.0009503545,0.0009499088,0.0009492954,0.01899917,0.5996898,0.01899038,0.3499736
158,0.009497327,0.0009503373,0.0009499197,0.0009492952,0.0189994,0.5996891,0.01899061,0.349974
159,0.009497153,0.0009503173,0.0009499302,0.0009492973,0.01899965,0.5996891,0.01899089,0.3499736
160,0.009496951,0.0009502943,0.00094994,0.0009493017,0.01899992,0.5996897,0.0189912,0.3499726
161,0.009496721,0.0009502688,0.0009499483,0.0009493077,0.01900019,0.5996912,0.01899154,0.349971
162,0.009496466,0.0009502413,0.0009499548,0.0009493159,0.01900047,0.5996931,0.01899189,0.3499686
163,0.009496197,0.0009502128,0.0009499599,0.0009493261,0.01900073,0.5996959,0.01899225,0.3499655
164,0.009495912,0.0009501834,0.0009499625,0.0009493383,0.01900098,0.5996994,0.0189926,0.3499616
165,0.009495627,0.0009501543,0.0009499631,0.0009493523,0.0190012,0.5997034,0.01899294,0.3499573
166,0.009495341,0.0009501259,0.0009499614,0.0009493674,0.01900137,0.5997081,0.01899326,0.3499525
167,0.009495062,0.0009500989,0.0009499571,0.0009493839,0.01900151,0.599713,0.01899353,0.3499475
168,0.0094948,0.0009500738,0.0009499503,0.0009494015,0.0190016,0.5997185,0.01899377,0.3499419
169,0.009494559,0.0009500515,0.0009499415,0.0009494199,0.01900163,0.5997243,0.01899396,0.3499362
170,0.009494342,0.0009500324,0.0009499301,0.0009494379,0.0190016,0.59973,0.01899409,0.3499305
171,0.00949416,0.0009500168,0.0009499168,0.0009494561,0.01900151,0.5997359,0.01899415,0.3499249
172,0.009494021,0.0009500056,0.000949902,0.0009494742,0.01900136,0.5997416,0.01899416,0.3499195
173,0.00949392,0.0009499987,0.0009498857,0.0009494911,0.01900115,0.5997471,0.01899409,0.3499145
174,0.009493867,0.0009499961,0.000949868,0.0009495066,0.01900087,0.599752,0.01899395,0.3499099
175,0.009493859,0.000949998,0.0009498499,0.0009495205,0.01900053,0.5997565,0.01899374,0.3499059
176,0.009493903,0.0009500045,0.0009498314,0.0009495324,0.01900014,0.5997604,0.01899347,0.3499027
177,0.009493998,0.0009500162,0.0009498134,0.0009495427,0.01899972,0.5997638,0.01899315,0.3499
178,0.009494144,0.0009500316,0.0009497957,0.0009495501,0.01899926,0.599766,0.01899278,0.3498984
179,0.009494333,0.0009500508,0.0009497793,0.000949555,0.01899877,0.5997674,0.01899236,0.3498978
180,0.009494567,0.000950074,0.0009497641,0.0009495575,0.01899827,0.599768,0.01899191,0.3498979
181,0.009494838,0.0009500996,0.000949751,0.0009495567,0.01899776,0.5997676,0.01899145,0.349899
182,0.009495143,0.0009501276,0.0009497405,0.0009495533,0.01899727,0.5997663,0.01899097,0.3499009
183,0.009495475,0.0009501571,0.0009497324,0.0009495472,0.01899679,0.5997639,0.01899051,0.3499039
184,0.009495826,0.0009501874,0.0009497273,0.0009495386,0.01899636,0.5997608,0.01899005,0.3499075
185,0.009496187,0.0009502179,0.0009497252,0.0009495269,0.01899596,0.5997565,0.01898962,0.3499122
186,0.009496553,0.0009502477,0.0009497264,0.0009495137,0.01899562,0.5997518,0.01898924,0.3499173
187,0.009496913,0.000950276,0.0009497305,0.000949498,0.01899534,0.5997462,0.01898891,0.3499231
188,0.009497261,0.0009503026,0.0009497381,0.0009494813,0.01899514,0.5997403,0.01898864,0.3499292
189,0.009497593,0.0009503264,0.0009497492,0.0009494635,0.01899502,0.5997338,0.01898845,0.3499356
190,0.009497891,0.0009503468,0.0009497628,0.0009494438,0.01899499,0.5997272,0.01898834,0.3499421
191,0.009498157,0.0009503634,0.0009497787,0.0009494246,0.01899505,0.5997203,0.0189883,0.3499487
192,0.009498378,0.0009503758,0.0009497972,0.0009494051,0.0189952,0.5997135,0.01898835,0.3499549
193,0.009498554,0.000950384,0.0009498175,0.000949386,0.01899542,0.5997068,0.01898848,0.3499612
194,0.00949868,0.0009503871,0.0009498392,0.0009493678,0.01899575,0.5997005,0.0189887,0.3499667
195,0.009498749,0.0009503855,0.0009498619,0.0009493512,0.01899615,0.5996949,0.018989,0.3499716
196,0.009498766,0.0009503797,0.0009498851,0.0009493362,0.01899662,0.5996898,0.01898937,0.3499758
197,0.009498725,0.0009503693,0.000949908,0.0009493229,0.01899715,0.5996855,0.01898981,0.3499791
198,0.009498632,0.0009503548,0.0009499302,0.000949312,0.01899773,0.5996821,0.0189903,0.3499816
199,0.009498484,0.0009503367,0.0009499511,0.0009493034,0.01899836,0.5996796,0.01899085,0.3499832
200,0.009498288,0.0009503153,0.0009499699,0.0009492971,0.018999,0.599678,0.01899141,0.3499837
201,0.00949805,0.0009502919,0.000949987,0.0009492942,0.01899966,0.5996776,0.018992,0.3499831
202,0.009497772,0.0009502661,0.0009500009,0.0009492934,0.01900031,0.599678,0.01899258,0.3499818
203,0.009497468,0.0009502394,0.000950012,0.0009492958,0.01900095,0.5996795,0.01899317,0.3499793
204,0.00949714,0.0009502126,0.00095002,0.0009493009,0.01900155,0.599682,0.01899371,0.349976
205,0.009496798,0.0009501859,0.0009500241,0.000949308,0.01900209,0.5996853,0.01899421,0.349972
206,0.009496452,0.0009501608,0.0009500247,0.0009493175,0.01900258,0.5996897,0.01899466,0.3499672
207,0.009496105,0.0009501376,0.0009500214,0.0009493292,0.01900299,0.5996945,0.01899504,0.3499618
208,0.009495776,0.0009501168,0.0009500146,0.0009493424,0.01900332,0.5997001,0.01899535,0.3499559
209,0.009495467,0.0009500998,0.0009500044,0.0009493561,0.01900355,0.599706,0.01899556,0.3499499
210,0.009495187,0.0009500865,0.0009499912,0.0009493716,0.01900369,0.5997122,0.01899568,0.3499438
211,0.009494938,0.0009500772,0.0009499744,0.0009493869,0.01900372,0.5997185,0.0189957,0.3499377
212,0.009494734,0.0009500727,0.0009499554,0.0009494023,0.01900366,0.5997247,0.01899561,0.3499319
213,0.009494576,0.0009500726,0.0009499345,0.0009494173,0.01900348,0.5997308,0.01899543,0.3499263
214,0.00949447,0.0009500777,0.0009499121,0.0009494316,0.01900322,0.5997365,0.01899516,0.3499212
215,0.009494415,0.0009500873,0.0009498887,0.0009494445,0.01900286,0.5997415,0.01899478,0.3499171
216,0.009494415,0.0009501014,0.0009498649,0.0009494559,0.01900241,0.5997459,0.01899433,0.3499135
217,0.00949447,0.0009501192,0.0009498411,0.0009494653,0.01900189,0.5997496,0.0189938,0.3499107
218,0.009494575,0.0009501412,0.0009498188,0.0009494729,0.01900132,0.5997525,0.01899322,0.3499089
219,0.009494727,0.0009501657,0.0009497977,0.0009494778,0.01900069,0.5997543,0.01899259,0.3499082
220,0.009494924,0.000950193,0.0009497784,0.0009494803,0.01900005,0.5997552,0.01899193,0.3499085
221,0.009495162,0.0009502214,0.0009497622,0.0009494809,0.01899938,0.599755,0.01899127,0.3499097
222,0.009495428,0.0009502507,0.0009497488,0.0009494787,0.01899872,0.599754,0.01899061,0.3499118
223,0.009495718,0.0009502799,0.0009497386,0.0009494746,0.01899809,0.5997517,0.01898997,0.349915
224,0.009496021,0.0009503081,0.0009497321,0.000949468,0.01899748,0.5997488,0.01898937,0.3499188
225,0.009496328,0.0009503343,0.0009497295,0.0009494597,0.01899693,0.599745,0.01898883,0.3499234
226,0.009496631,0.0009503578,0.0009497305,0.0009494496,0.01899644,0.5997406,0.01898835,0.3499284
227,0.009496922,0.0009503779,0.0009497355,0.0009494385,0.01899603,0.5997355,0.01898796,0.349934
228,0.009497191,0.0009503939,0.000949744,0.0009494266,0.01899571,0.5997301,0.01898767,0.3499398
229,0.00949743,0.0009504049,0.0009497562,0.0009494138,0.01899548,0.5997244,0.01898748,0.3499456
230,0.009497634,0.000950411,0.0009497716,0.0009494014,0.01899536,0.5997187,0.0189874,0.3499513
231,0.009497792,0.0009504115,0.0009497896,0.0009493888,0.01899534,0.5997131,0.01898744,0.3499568
232,0.0094979,0.0009504063,0.0009498099,0.0009493774,0.01899542,0.5997076,0.01898758,0.3499618
233,0.009497955,0.0009503957,0.0009498321,0.0009493675,0.01899561,0.5997028,0.01898785,0.3499663
234,0.009497955,0.0009503791,0.0009498549,0.0009493583,0.01899588,0.5996984,0.0189882,0.34997
235,0.009497899,0.000950358,0.0009498785,0.000949352,0.01899625,0.5996949,0.01898867,0.3499727
236,0.009497787,0.0009503315,0.0009499016,0.0009493473,0.01899669,0.5996921,0.01898921,0.3499745
237,0.009497626,0.0009503012,0.0009499241,0.0009493452,0.01899721,0.5996904,0.01898983,0.3499754
238,0.009497414,0.0009502676,0.0009499447,0.0009493455,0.01899777,0.5996895,0.0189905,0.3499752
239,0.009497158,0.0009502311,0.0009499635,0.0009493483,0.01899836,0.59969,0.0189912,0.3499737
240,0.009496872,0.0009501935,0.0009499795,0.0009493537,0.01899898,0.5996912,0.01899194,0.3499714
241,0.009496554,0.000950155,0.000949992,0.0009493617,0.01899959,0.5996937,0.01899267,0.3499679
242,0.00949622,0.0009501171,0.0009500015,0.0009493719,0.01900018,0.5996971,0.01899337,0.3499637
243,0.009495878,0.0009500805,0.0009500067,0.0009493844,0.01900075,0.5997013,0.01899404,0.3499584
244,0.009495536,0.0009500466,0.0009500082,0.0009493983,0.01900126,0.5997064,0.01899465,0.3499527
245,0.009495206,0.0009500161,0.000950005,0.000949414,0.0190017,0.5997123,0.01899519,0.3499463
246,0.009494898,0.0009499901,0.0009499981,0.0009494299,0.01900207,0.5997186,0.01899563,0.3499394
247,0.009494625,0.0009499696,0.0009499867,0.0009494472,0.01900234,0.5997251,0.01899597,0.3499326
248,0.009494388,0.0009499551,0.0009499721,0.000949464,0.01900252,0.5997319,0.01899619,0.3499256
249,0.0094942,0.000949947,0.0009499536,0.0009494803,0.01900259,0.5997386,0.01899629,0.3499189
250,0.009494076,0.0009499461,0.0009499331,0.0009494958,0.01900256,0.5997451,0.01899627,0.3499127
251,0.009494007,0.000949952,0.0009499094,0.0009495096,0.01900242,0.5997509,0.01899611,0.3499072
252,0.009494008,0.0009499656,0.0009498846,0.0009495215,0.01900217,0.5997564,0.01899584,0.3499022
253,0.009494072,0.0009499858,0.0009498585,0.000949531,0.01900183,0.5997609,0.01899544,0.3498983
254,0.009494207,0.0009500129,0.0009498322,0.0009495374,0.01900141,0.5997646,0.01899493,0.3498954
255,0.009494409,0.0009500461,0.0009498064,0.000949541,0.0190009,0.599767,0.01899433,0.3498939
256,0.009494674,0.0009500847,0.000949782,0.0009495416,0.01900033,0.5997684,0.01899365,0.3498936
257,0.009494992,0.0009501276,0.000949759,0.0009495382,0.01899971,0.5997683,0.01899289,0.3498946
258,0.009495365,0.0009501748,0.0009497392,0.0009495313,0.01899908,0.599767,0.0189921,0.3498969
259,0.009495775,0.0009502236,0.0009497226,0.0009495209,0.01899842,0.5997643,0.01899128,0.3499007
260,0.009496219,0.0009502739,0.0009497099,0.0009495075,0.01899778,0.5997605,0.01899046,0.3499057
261,0.009496686,0.0009503246,0.0009497014,0.0009494912,0.01899717,0.5997552,0.01898967,0.3499118
262,0.009497156,0.0009503734,0.0009496974,0.0009494717,0.0189966,0.5997489,0.01898891,0.3499189
263,0.009497624,0.0009504196,0.0009496981,0.0009494496,0.0189961,0.5997415,0.01898822,0.3499269
264,0.009498077,0.000950462,0.0009497041,0.0009494263,0.01899569,0.5997335,0.01898762,0.3499356
265,0.009498498,0.0009504994,0.000949715,0.0009494014,0.01899537,0.5997248,0.01898712,0.3499447
266,0.009498877,0.0009505303,0.0009497302,0.0009493756,0.01899515,0.5997156,0.01898674,0.3499539
267,0.009499201,0.0009505544,0.0009497502,0.0009493503,0.01899506,0.5997065,0.01898649,0.3499632
268,0.009499462,0.0009505706,0.0009497739,0.0009493251,0.01899509,0.5996971,0.01898637,0.3499722
269,0.009499651,0.0009505785,0.0009498012,0.0009493019,0.01899525,0.5996883,0.01898641,0.3499807
270,0.009499761,0.0009505777,0.000949831,0.00094928,0.01899553,0.5996801,0.01898659,0.3499884
271,0.009499782,0.000950568,0.0009498632,0.0009492605,0.01899593,0.5996726,0.01898692,0.3499951
272,0.009499717,0.0009505496,0.0009498959,0.0009492444,0.01899644,0.5996661,0.01898738,0.3500007
273,0.009499564,0.0009505224,0.000949929,0.0009492317,0.01899705,0.599661,0.01898797,0.3500048
274,0.009499323,0.0009504872,0.0009499612,0.000949223,0.01899774,0.5996571,0.01898867,0.3500074
275,0.009499002,0.0009504454,0.0009499925,0.0009492192,0.01899851,0.5996548,0.01898948,0.3500085
276,0.009498601,0.000950397,0.0009500207,0.0009492197,0.01899933,0.5996543,0.01899035,0.3500078
277,0.009498132,0.0009503437,0.000950046,0.0009492246,0.01900017,0.5996553,0.01899128,0.3500054
278,0.009497608,0.0009502867,0.0009500672,0.0009492346,0.01900102,0.5996581,0.01899225,0.3500014
279,0.009497036,0.0009502272,0.0009500834,0.0009492488,0.01900184,0.5996626,0.01899321,0.3499958
280,0.009496433,0.0009501667,0.0009500948,0.0009492673,0.01900263,0.5996686,0.01899415,0.3499885
281,0.009495815,0.0009501072,0.0009501005,0.0009492904,0.01900335,0.5996762,0.01899505,0.3499801
282,0.009495191,0.0009500495,0.0009500997,0.000949316,0.01900399,0.5996851,0.01899586,0.3499704
283,0.00949458,0.0009499956,0.0009500931,0.0009493449,0.01900451,0.5996951,0.01899658,0.3499597
284,0.009494003,0.0009499472,0.0009500806,0.0009493765,0.01900492,0.5997061,0.0189972,0.3499483
285,0.00949347,0.000949905,0.0009500625,0.0009494096,0.01900518,0.5997177,0.01899766,0.3499366
286,0.009492993,0.0009498704,0.0009500383,0.000949443,0.0190053,0.5997297,0.01899797,0.3499248
287,0.00949259,0.0009498444,0.0009500093,0.0009494764,0.01900526,0.5997417,0.01899811,0.3499131
288,0.009492271,0.0009498275,0.000949976,0.000949509,0.01900505,0.5997536,0.01899809,0.3499017
289,0.009492048,0.0009498209,0.0009499391,0.0009495402,0.01900469,0.5997648,0.0189979,0.3498913
290,0.009491918,0.0009498239,0.0009498993,0.0009495684,0.01900417,0.5997753,0.01899752,0.3498818
291,0.009491899,0.0009498374,0.0009498582,0.0009495938,0.01900351,0.5997844,0.01899699,0.3498738
292,0.009491989,0.0009498609,0.0009498159,0.0009496154,0.01900271,0.5997925,0.0189963,0.3498672
293,0.009492189,0.0009498937,0.0009497746,0.0009496323,0.01900181,0.5997989,0.01899547,0.3498624
294,0.009492491,0.0009499353,0.0009497345,0.0009496444,0.01900081,0.5998034,0.01899453,0.3498595
295,0.009492891,0.0009499843,0.0009496971,0.000949651,0.01899974,0.5998059,0.01899349,0.3498586
296,0.009493384,0.0009500402,0.0009496634,0.0009496523,0.01899863,0.5998066,0.01899238,0.3498596
297,0.009493954,0.0009501011,0.0009496342,0.0009496478,0.01899751,0.5998051,0.01899123,0.3498628
298,0.009494589,0.0009501656,0.0009496104,0.0009496378,0.01899639,0.5998016,0.01899008,0.3498679
299,0.009495277,0.0009502318,0.000949593,0.0009496227,0.01899533,0.5997961,0.01898894,0.349875
300,0.009495996,0.0009502983,0.0009495819,0.0009496018,0.01899433,0.5997887,0.01898785,0.3498837
301,0.009496731,0.000950363,0.000949578,0.0009495767,0.01899342,0.5997794,0.01898684,0.349894
302,0.009497465,0.0009504248,0.0009495813,0.0009495473,0.01899265,0.5997687,0.01898594,0.3499057
303,0.009498175,0.0009504812,0.0009495921,0.000949515,0.01899202,0.5997568,0.01898518,0.3499182
304,0.009498846,0.000950531,0.00094961,0.0009494799,0.01899155,0.5997439,0.01898457,0.3499315
305,0.00949946,0.0009505733,0.000949635,0.0009494431,0.01899127,0.5997303,0.01898415,0.3499453
306,0.009500003,0.0009506066,0.0009496664,0.0009494055,0.01899119,0.5997163,0.01898392,0.3499589
307,0.009500458,0.0009506294,0.0009497033,0.0009493684,0.01899129,0.5997025,0.01898388,0.3499722
308,0.00950081,0.0009506417,0.000949745,0.0009493319,0.0189916,0.5996889,0.01898405,0.3499849
309,0.009501051,0.0009506425,0.0009497903,0.0009492975,0.01899209,0.5996762,0.01898442,0.3499966
310,0.009501175,0.0009506322,0.0009498383,0.0009492663,0.01899278,0.5996645,0.018985,0.3500068
311,0.009501175,0.000950611,0.0009498876,0.0009492387,0.01899363,0.5996541,0.01898576,0.3500156
312,0.009501057,0.000950579,0.0009499373,0.0009492152,0.01899465,0.5996455,0.01898668,0.3500225
313,0.009500815,0.000950537,0.0009499858,0.000949197,0.01899578,0.5996387,0.01898776,0.3500272
314,0.009500457,0.0009504862,0.0009500317,0.0009491846,0.01899702,0.599634,0.01898896,0.3500299
315,0.009499989,0.0009504279,0.0009500743,0.0009491777,0.01899833,0.5996315,0.01899025,0.3500302
316,0.009499429,0.0009503634,0.0009501118,0.000949177,0.01899968,0.5996313,0.0189916,0.3500283
317,0.009498785,0.0009502949,0.0009501436,0.0009491822,0.01900104,0.5996335,0.01899297,0.3500241
318,0.009498077,0.0009502238,0.0009501692,0.0009491938,0.01900237,0.599638,0.01899434,0.3500177
319,0.00949732,0.0009501522,0.000950187,0.000949211,0.01900364,0.5996446,0.01899565,0.3500092
320,0.009496534,0.0009500817,0.0009501965,0.0009492334,0.01900482,0.5996533,0.01899688,0.349999
321,0.009495743,0.0009500147,0.0009501979,0.0009492604,0.01900586,0.5996637,0.01899799,0.3499872
322,0.009494962,0.0009499532,0.0009501911,0.0009492916,0.01900675,0.599676,0.01899896,0.349974
323,0.009494219,0.0009498986,0.0009501757,0.0009493259,0.01900746,0.5996892,0.01899974,0.34996
324,0.009493528,0.0009498524,0.0009501519,0.0009493622,0.01900797,0.5997034,0.01900033,0.3499454
325,0.00949291,0.0009498162,0.0009501207,0.0009494001,0.01900826,0.5997182,0.01900069,0.3499306
326,0.009492381,0.0009497909,0.0009500827,0.0009494381,0.01900833,0.5997329,0.01900083,0.3499162
327,0.009491957,0.0009497778,0.0009500389,0.0009494757,0.01900817,0.5997478,0.01900072,0.349902
328,0.009491651,0.0009497771,0.0009499904,0.0009495111,0.01900779,0.5997617,0.01900038,0.3498891
329,0.009491473,0.000949789,0.0009499381,0.0009495443,0.01900718,0.5997748,0.0189998,0.3498774
330,0.009491423,0.0009498133,0.0009498834,0.0009495732,0.01900636,0.5997865,0.018999,0.3498675
331,0.009491508,0.0009498494,0.000949828,0.0009495979,0.01900536,0.5997964,0.01899799,0.3498595
332,0.009491728,0.0009498968,0.0009497734,0.0009496175,0.0190042,0.5998044,0.01899681,0.3498535
333,0.009492073,0.000949954,0.0009497206,0.0009496312,0.01900289,0.5998101,0.01899548,0.3498501
334,0.00949254,0.0009500199,0.0009496714,0.0009496388,0.01900149,0.5998134,0.01899402,0.3498492
335,0.009493114,0.0009500927,0.0009496274,0.0009496401,0.01900003,0.5998144,0.01899248,0.3498507
336,0.009493781,0.0009501703,0.0009495892,0.0009496347,0.01899853,0.5998126,0.0189909,0.3498548
337,0.009494527,0.0009502511,0.0009495586,0.0009496232,0.01899705,0.5998083,0.01898933,0.3498614
338,0.009495324,0.0009503319,0.0009495352,0.0009496054,0.0189956,0.5998015,0.01898779,0.3498703
339,0.009496157,0.0009504115,0.0009495214,0.000949582,0.01899426,0.5997927,0.01898634,0.3498811
340,0.009497003,0.0009504872,0.0009495164,0.0009495534,0.01899304,0.5997817,0.01898501,0.3498937
341,0.009497838,0.0009505569,0.0009495211,0.000949521,0.01899197,0.5997689,0.01898384,0.3499078
342,0.009498633,0.0009506184,0.0009495349,0.0009494848,0.01899108,0.5997549,0.01898285,0.349923
343,0.009499374,0.0009506702,0.0009495582,0.0009494465,0.01899041,0.5997397,0.0189821,0.3499388
344,0.00950003,0.00095071,0.0009495902,0.0009494067,0.01898998,0.5997238,0.01898159,0.3499548
345,0.009500594,0.0009507374,0.00094963,0.0009493669,0.01898979,0.5997078,0.01898135,0.3499707
346,0.00950104,0.0009507508,0.0009496766,0.000949328,0.01898984,0.599692,0.01898138,0.3499859
347,0.009501354,0.0009507497,0.0009497289,0.0009492911,0.01899016,0.5996769,0.01898168,0.35
348,0.009501531,0.0009507338,0.0009497858,0.0009492579,0.01899071,0.599663,0.01898226,0.3500127
349,0.009501559,0.0009507032,0.0009498456,0.0009492285,0.01899151,0.5996506,0.01898309,0.3500234
350,0.009501439,0.0009506587,0.0009499061,0.0009492041,0.01899252,0.59964,0.01898417,0.3500322
351,0.009501165,0.0009506012,0.0009499664,0.0009491857,0.01899371,0.5996316,0.01898547,0.3500382
352,0.009500754,0.0009505317,0.000950025,0.0009491741,0.01899506,0.5996259,0.01898694,0.3500416
353,0.009500206,0.0009504523,0.0009500798,0.0009491692,0.01899654,0.5996228,0.01898857,0.3500422
354,0.009499534,0.0009503646,0.0009501289,0.0009491717,0.01899809,0.5996223,0.01899029,0.3500401
355,0.009498764,0.0009502713,0.0009501718,0.0009491816,0.01899968,0.5996249,0.01899208,0.350035
356,0.009497903,0.0009501743,0.0009502067,0.0009491984,0.01900128,0.5996304,0.01899388,0.3500269
357,0.009496984,0.0009500766,0.0009502323,0.0009492224,0.01900283,0.5996384,0.01899564,0.3500166
358,0.00949603,0.0009499807,0.0009502486,0.0009492524,0.01900429,0.5996491,0.01899732,0.3500038
359,0.009495062,0.0009498887,0.0009502538,0.0009492878,0.01900561,0.5996621,0.01899887,0.349989
360,0.009494113,0.0009498044,0.0009502491,0.0009493286,0.01900678,0.5996771,0.01900025,0.3499724
361,0.009493208,0.0009497295,0.0009502337,0.0009493731,0.01900773,0.5996938,0.01900141,0.3499546
362,0.009492368,0.0009496657,0.0009502072,0.0009494191,0.01900846,0.5997114,0.01900233,0.3499361
363,0.009491622,0.0009496154,0.0009501709,0.0009494667,0.01900892,0.5997297,0.01900296,0.3499174
364,0.009490998,0.000949581,0.0009501263,0.000949515,0.01900913,0.5997486,0.01900331,0.3498988
365,0.0094905,0.0009495621,0.0009500727,0.0009495608,0.01900904,0.5997667,0.01900334,0.3498811
366,0.009490163,0.0009495611,0.0009500132,0.0009496045,0.01900868,0.5997843,0.01900306,0.3498647
367,0.009489988,0.0009495774,0.0009499483,0.0009496437,0.01900804,0.5998002,0.01900245,0.3498501
368,0.009489984,0.0009496112,0.0009498803,0.0009496779,0.01900714,0.5998145,0.01900155,0.3498377
369,0.009490161,0.0009496622,0.000949811,0.0009497058,0.01900601,0.5998266,0.01900038,0.3498277
370,0.009490509,0.0009497291,0.0009497419,0.0009497265,0.01900466,0.5998362,0.01899894,0.3498206
371,0.009491029,0.0009498104,0.0009496747,0.0009497391,0.01900313,0.5998425,0.01899728,0.3498168
372,0.00949171,0.0009499046,0.0009496119,0.0009497431,0.01900147,0.5998458,0.01899546,0.3498163
373,0.009492535,0.0009500086,0.0009495553,0.0009497385,0.01899971,0.5998458,0.01899349,0.3498192
374,0.00949348,0.0009501206,0.000949506,0.0009497245,0.01899791,0.5998423,0.01899145,0.3498254
375,0.009494533,0.0009502377,0.0009494661,0.0009497025,0.01899612,0.5998356,0.01898939,0.3498349
376,0.009495657,0.0009503566,0.0009494365,0.0009496714,0.01899437,0.5998254,0.01898735,0.3498478
377,0.009496829,0.0009504742,0.0009494179,0.0009496326,0.01899274,0.5998123,0.0189854,0.3498631
378,0.009498013,0.0009505878,0.0009494118,0.000949587,0.01899125,0.5997963,0.01898359,0.3498813
379,0.009499181,0.0009506936,0.0009494176,0.0009495355,0.01898996,0.599778,0.01898198,0.3499013
380,0.009500305,0.0009507896,0.0009494365,0.0009494795,0.01898891,0.5997577,0.01898061,0.3499228
381,0.009501345,0.0009508721,0.0009494675,0.0009494205,0.01898813,0.5997362,0.01897951,0.3499451
382,0.00950228,0.0009509394,0.0009495102,0.0009493596,0.01898763,0.5997133,0.01897872,0.3499683
383,0.009503077,0.000950989,0.0009495635,0.0009492986,0.01898746,0.5996904,0.01897829,0.349991
384,0.00950371,0.0009510193,0.0009496261,0.000949239,0.01898761,0.5996677,0.01897819,0.3500128
385,0.009504165,0.0009510298,0.0009496968,0.0009491826,0.01898809,0.5996462,0.01897848,0.3500331
386,0.009504418,0.0009510189,0.0009497736,0.0009491309,0.01898889,0.5996261,0.01897913,0.3500516
387,0.009504467,0.0009509874,0.0009498547,0.0009490852,0.01899,0.599608,0.01898012,0.3500675
388,0.009504297,0.000950935,0.0009499376,0.0009490472,0.01899138,0.5995924,0.01898145,0.3500806
389,0.009503918,0.0009508636,0.0009500207,0.0009490179,0.01899302,0.5995803,0.01898308,0.3500898
390,0.009503326,0.000950774,0.0009501009,0.0009489975,0.01899486,0.5995713,0.01898496,0.3500957
391,0.009502543,0.0009506689,0.0009501769,0.0009489882,0.01899687,0.5995664,0.01898707,0.3500972
392,0.009501581,0.0009505507,0.0009502464,0.0009489892,0.01899899,0.5995653,0.01898934,0.3500951
393,0.009500458,0.0009504218,0.0009503064,0.0009490011,0.01900116,0.5995684,0.01899171,0.3500886
394,0.009499206,0.0009502862,0.0009503564,0.0009490242,0.01900333,0.5995754,0.01899412,0.3500782
395,0.009497855,0.0009501466,0.0009503939,0.0009490578,0.01900544,0.5995866,0.01899651,0.3500639
396,0.00949644,0.0009500075,0.0009504186,0.0009491013,0.01900743,0.5996015,0.01899881,0.3500463
397,0.009494991,0.0009498715,0.0009504286,0.000949153,0.01900924,0.5996198,0.01900095,0.3500255
398,0.009493553,0.0009497432,0.000950424,0.0009492132,0.01901082,0.5996413,0.01900288,0.3500021
399,0.00949216,0.0009496255,0.0009504044,0.0009492791,0.01901213,0.599665,0.01900454,0.3499769
400,0.009490849,0.0009495219,0.0009503702,0.0009493502,0.01901311,0.599691,0.01900589,0.3499499
401,0.009489658,0.0009494353,0.0009503221,0.000949424,0.01901375,0.5997181,0.01900687,0.3499224
402,0.009488619,0.0009493682,0.0009502608,0.0009494988,0.01901401,0.5997459,0.01900746,0.3498949
403,0.009487758,0.0009493225,0.0009501881,0.0009495727,0.01901388,0.5997735,0.01900764,0.3498682
404,0.009487106,0.0009492998,0.0009501053,0.0009496437,0.01901335,0.5998002,0.01900738,0.3498428
405,0.009486684,0.0009493012,0.0009500149,0.0009497104,0.01901244,0.5998256,0.01900671,0.3498195
406,0.009486504,0.000949327,0.0009499189,0.0009497704,0.01901115,0.5998487,0.01900562,0.349799
407,0.009486575,0.0009493761,0.0009498195,0.0009498224,0.01900952,0.5998687,0.01900413,0.3497821
408,0.009486897,0.0009494484,0.0009497199,0.0009498647,0.01900758,0.5998854,0.01900228,0.3497688
409,0.009487468,0.0009495421,0.0009496222,0.0009498966,0.01900538,0.599898,0.01900012,0.3497599
