EwEVersion,"6.6.7.17812 (compiled 28/02/2022)"
Date,"26/02/2023 11:47:51 AM"
ModelName,CS_model_V1_110722
EcosimScenario,"New Ecosim scenario"
TimeSeries,(none)
StartYear,2020

Data,"Prey of Seahorses"

timestep\group,Polychaetes,Zooplankton,Phytoplankton,Detritus,
1,0.0009504989,0.09514277,0.4757015,0.4282053
2,0.0009503713,0.09514016,0.4756913,0.4282182
3,0.0009503713,0.09513863,0.4756876,0.4282234
4,0.0009503608,0.09513686,0.4756845,0.4282283
5,0.0009503518,0.09513518,0.4756818,0.4282326
6,0.0009503481,0.09513373,0.4756796,0.4282363
7,0.0009503507,0.09513263,0.4756779,0.428239
8,0.0009503579,0.09513183,0.4756765,0.4282414
9,0.0009503689,0.09513133,0.4756753,0.428243
10,0.0009503825,0.09513111,0.4756742,0.4282443
11,0.0009503985,0.09513121,0.4756735,0.428245
12,0.0009504148,0.09513148,0.4756728,0.4282453
13,0.0009504316,0.09513199,0.4756723,0.4282453
14,0.0009504479,0.0951327,0.4756719,0.4282449
15,0.0009504627,0.09513352,0.4756718,0.4282442
16,0.0009504758,0.09513448,0.4756719,0.4282431
17,0.0009504876,0.09513554,0.4756721,0.4282418
18,0.0009504969,0.09513678,0.4756726,0.4282402
19,0.0009505038,0.09513807,0.475673,0.4282385
20,0.000950508,0.09513944,0.4756736,0.4282364
21,0.0009505097,0.0951409,0.4756744,0.4282341
22,0.0009505085,0.09514245,0.4756751,0.428232
23,0.0009505045,0.09514406,0.4756759,0.4282295
24,0.0009504976,0.09514571,0.4756767,0.4282271
25,0.0009504888,0.09514742,0.4756776,0.4282245
26,0.0009504779,0.09514922,0.4756784,0.428222
27,0.000950464,0.09515099,0.4756789,0.4282196
28,0.0009504483,0.09515276,0.4756795,0.4282172
29,0.000950431,0.09515455,0.4756799,0.4282151
30,0.0009504124,0.09515634,0.4756803,0.428213
31,0.0009503927,0.09515809,0.4756804,0.4282111
32,0.0009503721,0.0951598,0.4756803,0.4282096
33,0.0009503514,0.09516144,0.4756801,0.4282081
34,0.0009503303,0.09516297,0.4756798,0.428207
35,0.0009503097,0.09516443,0.4756794,0.428206
36,0.0009502895,0.09516572,0.4756786,0.4282054
37,0.00095027,0.09516689,0.4756779,0.428205
38,0.000950252,0.09516793,0.4756768,0.4282049
39,0.0009502355,0.09516882,0.4756757,0.4282052
40,0.0009502209,0.09516952,0.4756747,0.4282056
41,0.0009502087,0.09517001,0.4756736,0.4282062
42,0.0009501983,0.09517031,0.4756724,0.4282071
43,0.0009501901,0.09517038,0.475671,0.4282084
44,0.0009501845,0.09517025,0.47567,0.4282095
45,0.0009501817,0.0951699,0.4756689,0.428211
46,0.0009501809,0.09516931,0.4756679,0.4282126
47,0.0009501827,0.09516855,0.475667,0.4282143
48,0.0009501867,0.09516755,0.4756663,0.428216
49,0.000950193,0.09516638,0.4756656,0.4282179
50,0.0009502012,0.09516503,0.4756651,0.4282196
51,0.0009502111,0.09516349,0.4756648,0.4282216
52,0.0009502227,0.09516182,0.4756646,0.4282233
53,0.0009502357,0.09516002,0.4756646,0.4282253
54,0.0009502494,0.0951581,0.4756647,0.4282269
55,0.0009502638,0.0951561,0.4756649,0.4282286
56,0.0009502789,0.09515407,0.4756654,0.4282303
57,0.0009502937,0.09515199,0.4756659,0.4282318
58,0.0009503087,0.09514996,0.4756665,0.4282334
59,0.0009503228,0.09514786,0.4756671,0.4282347
60,0.000950336,0.09514585,0.4756678,0.428236
61,0.0009503487,0.09514391,0.4756685,0.4282371
62,0.0009503598,0.09514205,0.4756692,0.4282383
63,0.0009503698,0.09514036,0.47567,0.4282393
64,0.0009503782,0.09513878,0.4756707,0.4282401
65,0.0009503847,0.09513735,0.4756713,0.4282409
66,0.0009503895,0.09513611,0.4756719,0.4282417
67,0.0009503925,0.09513507,0.4756723,0.4282423
68,0.0009503938,0.09513424,0.4756727,0.4282427
69,0.0009503936,0.09513364,0.4756729,0.428243
70,0.0009503915,0.09513324,0.4756728,0.4282435
71,0.0009503883,0.0951331,0.4756729,0.4282436
72,0.0009503839,0.09513319,0.4756728,0.4282437
73,0.0009503784,0.09513348,0.4756725,0.4282437
74,0.0009503717,0.095134,0.475672,0.4282435
75,0.0009503646,0.09513474,0.4756716,0.4282433
76,0.000950357,0.0951357,0.4756711,0.4282427
77,0.0009503491,0.09513682,0.4756706,0.4282422
78,0.0009503418,0.09513815,0.47567,0.4282416
79,0.0009503342,0.09513961,0.4756694,0.4282407
80,0.0009503276,0.09514122,0.4756689,0.4282395
81,0.0009503215,0.09514297,0.4756684,0.4282382
82,0.0009503167,0.09514482,0.4756681,0.4282368
83,0.0009503125,0.09514674,0.4756678,0.4282351
84,0.0009503092,0.09514867,0.4756676,0.4282334
85,0.0009503078,0.09515067,0.4756676,0.4282314
86,0.0009503077,0.09515271,0.4756679,0.4282291
87,0.0009503086,0.09515468,0.4756682,0.4282268
88,0.0009503107,0.09515661,0.4756687,0.4282244
89,0.0009503142,0.0951585,0.4756695,0.4282218
90,0.0009503188,0.0951603,0.4756703,0.4282191
91,0.0009503242,0.095162,0.4756715,0.4282162
92,0.0009503305,0.09516354,0.4756727,0.4282134
93,0.000950337,0.09516494,0.4756739,0.4282108
94,0.0009503448,0.09516624,0.4756754,0.4282079
95,0.0009503525,0.09516732,0.4756769,0.4282055
96,0.0009503603,0.09516827,0.4756785,0.4282028
97,0.000950368,0.09516902,0.47568,0.4282005
98,0.0009503755,0.0951696,0.4756816,0.4281985
99,0.0009503825,0.09516997,0.4756831,0.4281966
100,0.0009503888,0.09517011,0.4756844,0.4281951
101,0.0009503944,0.09517006,0.4756857,0.4281939
102,0.0009503988,0.0951698,0.4756867,0.428193
103,0.0009504028,0.09516939,0.4756876,0.4281926
104,0.0009504053,0.09516872,0.4756882,0.4281927
105,0.0009504074,0.09516793,0.4756887,0.428193
106,0.0009504079,0.09516692,0.4756888,0.4281939
107,0.0009504082,0.09516578,0.4756887,0.4281951
108,0.0009504069,0.09516443,0.4756882,0.4281969
109,0.0009504055,0.09516301,0.4756876,0.428199
110,0.0009504031,0.09516142,0.4756866,0.4282016
111,0.0009504001,0.0951597,0.4756852,0.4282046
112,0.0009503972,0.09515792,0.475684,0.4282078
113,0.0009503938,0.09515604,0.4756822,0.4282113
114,0.0009503912,0.09515414,0.4756804,0.428215
115,0.0009503885,0.09515218,0.4756784,0.428219
116,0.0009503862,0.09515017,0.4756763,0.4282231
117,0.0009503845,0.09514821,0.4756743,0.4282271
118,0.0009503837,0.09514624,0.4756722,0.4282312
119,0.0009503831,0.09514429,0.4756701,0.4282352
120,0.0009503839,0.09514243,0.4756681,0.428239
121,0.0009503854,0.09514061,0.4756663,0.4282427
122,0.0009503877,0.09513891,0.4756646,0.428246
123,0.0009503911,0.09513731,0.4756632,0.4282491
124,0.0009503954,0.09513585,0.475662,0.4282517
125,0.0009504003,0.09513456,0.4756611,0.4282539
126,0.0009504057,0.09513337,0.4756605,0.4282557
127,0.0009504115,0.09513238,0.4756602,0.4282571
128,0.0009504175,0.09513158,0.4756601,0.4282579
129,0.0009504236,0.09513096,0.4756604,0.4282582
130,0.0009504297,0.09513056,0.4756611,0.4282579
131,0.0009504348,0.09513035,0.4756619,0.4282574
132,0.0009504396,0.09513041,0.4756631,0.428256
133,0.0009504433,0.09513064,0.4756645,0.4282544
134,0.0009504458,0.09513108,0.4756661,0.4282523
135,0.0009504468,0.09513175,0.4756679,0.4282499
136,0.0009504468,0.09513264,0.4756699,0.428247
137,0.0009504443,0.0951337,0.4756717,0.4282442
138,0.0009504401,0.095135,0.4756736,0.4282409
139,0.0009504341,0.09513642,0.4756756,0.4282376
140,0.0009504259,0.09513801,0.4756774,0.4282342
141,0.0009504161,0.09513973,0.475679,0.4282308
142,0.0009504047,0.09514162,0.4756805,0.4282275
143,0.0009503918,0.0951436,0.4756818,0.4282241
144,0.0009503771,0.09514568,0.4756829,0.428221
145,0.0009503613,0.09514777,0.4756835,0.4282183
146,0.0009503445,0.09514987,0.475684,0.4282158
147,0.0009503274,0.09515201,0.4756842,0.4282134
148,0.0009503099,0.09515411,0.475684,0.4282115
149,0.0009502926,0.09515616,0.4756835,0.42821
150,0.0009502761,0.09515813,0.4756829,0.4282087
151,0.0009502601,0.09515999,0.4756819,0.4282078
152,0.0009502459,0.0951617,0.4756807,0.4282073
153,0.0009502333,0.09516328,0.4756793,0.4282072
154,0.0009502225,0.09516466,0.4756777,0.4282075
155,0.0009502142,0.09516582,0.475676,0.428208
156,0.000950209,0.09516677,0.4756742,0.4282088
157,0.0009502065,0.0951675,0.4756725,0.4282098
158,0.0009502068,0.09516798,0.4756707,0.428211
159,0.0009502109,0.09516824,0.4756692,0.4282123
160,0.0009502181,0.09516826,0.4756678,0.4282138
161,0.000950228,0.09516796,0.4756665,0.4282153
162,0.0009502413,0.09516743,0.4756655,0.4282169
163,0.0009502576,0.0951667,0.4756647,0.4282184
164,0.0009502765,0.09516567,0.4756642,0.4282198
165,0.0009502977,0.09516446,0.4756641,0.4282212
166,0.0009503207,0.09516302,0.4756643,0.4282224
167,0.0009503449,0.09516138,0.4756646,0.4282236
168,0.0009503707,0.09515962,0.4756656,0.4282244
169,0.0009503972,0.0951577,0.4756667,0.4282252
170,0.000950423,0.09515563,0.475668,0.4282259
171,0.0009504486,0.09515347,0.4756696,0.4282264
172,0.0009504732,0.09515131,0.4756715,0.4282268
173,0.0009504961,0.09514908,0.4756734,0.4282269
174,0.0009505167,0.09514686,0.4756756,0.4282271
175,0.0009505349,0.09514469,0.4756775,0.4282273
176,0.0009505503,0.09514257,0.4756795,0.4282274
177,0.0009505627,0.09514056,0.4756815,0.4282274
178,0.0009505709,0.09513862,0.4756833,0.4282275
179,0.0009505757,0.09513684,0.4756849,0.4282278
180,0.0009505765,0.09513522,0.4756863,0.4282279
181,0.0009505737,0.0951338,0.4756873,0.4282283
182,0.0009505674,0.09513258,0.4756881,0.4282288
183,0.0009505571,0.09513155,0.4756883,0.4282295
184,0.000950544,0.09513079,0.4756885,0.4282303
185,0.0009505273,0.09513021,0.475688,0.4282313
186,0.0009505083,0.09512989,0.4756871,0.4282325
187,0.0009504867,0.0951298,0.4756858,0.428234
188,0.0009504642,0.09512994,0.4756843,0.4282354
189,0.0009504396,0.0951303,0.4756824,0.4282368
190,0.0009504149,0.09513088,0.4756802,0.4282384
191,0.0009503899,0.09513165,0.4756778,0.4282401
192,0.0009503658,0.09513262,0.4756752,0.4282418
193,0.0009503423,0.09513373,0.4756725,0.4282434
194,0.0009503203,0.09513502,0.4756697,0.4282449
195,0.0009503011,0.09513645,0.475667,0.4282462
196,0.0009502841,0.09513799,0.4756645,0.4282473
197,0.0009502699,0.0951396,0.4756621,0.4282481
198,0.0009502586,0.09514128,0.47566,0.4282486
199,0.0009502509,0.09514298,0.475658,0.4282487
200,0.0009502462,0.09514472,0.4756565,0.4282485
201,0.0009502455,0.09514648,0.4756556,0.4282476
202,0.0009502476,0.09514818,0.4756549,0.4282468
203,0.000950253,0.09514984,0.4756548,0.428245
204,0.0009502614,0.09515148,0.4756552,0.428243
205,0.0009502724,0.09515303,0.4756561,0.4282406
206,0.0009502858,0.0951545,0.4756575,0.4282377
207,0.0009503011,0.09515586,0.4756593,0.4282345
208,0.0009503177,0.0951571,0.4756616,0.428231
209,0.0009503354,0.09515823,0.4756643,0.4282273
210,0.0009503529,0.0951592,0.4756673,0.4282232
211,0.0009503705,0.09516006,0.4756704,0.4282192
212,0.0009503868,0.09516075,0.4756737,0.4282151
213,0.0009504028,0.09516132,0.4756773,0.428211
214,0.0009504166,0.09516173,0.4756809,0.428207
215,0.0009504284,0.095162,0.4756841,0.4282034
216,0.0009504376,0.09516215,0.4756873,0.4282001
217,0.0009504442,0.09516213,0.4756902,0.4281972
218,0.0009504484,0.09516202,0.4756928,0.4281946
219,0.0009504488,0.09516171,0.4756949,0.4281929
220,0.0009504467,0.09516133,0.4756966,0.4281916
221,0.000950442,0.09516082,0.4756977,0.428191
222,0.0009504348,0.09516017,0.4756984,0.428191
223,0.0009504245,0.09515944,0.4756982,0.4281919
224,0.0009504126,0.09515858,0.4756975,0.4281934
225,0.0009503993,0.09515762,0.4756962,0.4281957
226,0.000950385,0.09515658,0.4756944,0.4281986
227,0.0009503696,0.09515544,0.4756921,0.4282021
228,0.0009503546,0.0951542,0.4756893,0.4282062
229,0.0009503401,0.09515291,0.475686,0.4282107
230,0.0009503267,0.09515156,0.4756824,0.4282158
231,0.0009503147,0.09515014,0.4756785,0.4282211
232,0.0009503043,0.09514866,0.4756744,0.4282266
233,0.0009502968,0.09514716,0.4756704,0.4282321
234,0.0009502922,0.09514566,0.4756663,0.4282378
235,0.0009502909,0.09514414,0.4756625,0.4282431
236,0.0009502929,0.09514263,0.475659,0.4282481
237,0.0009502984,0.09514115,0.4756556,0.428253
238,0.0009503072,0.09513967,0.4756529,0.4282572
239,0.0009503196,0.09513827,0.4756505,0.4282609
240,0.0009503351,0.09513691,0.4756488,0.4282639
241,0.0009503535,0.09513563,0.4756478,0.4282662
242,0.0009503739,0.09513445,0.4756473,0.428268
243,0.0009503965,0.09513341,0.4756477,0.4282686
244,0.0009504199,0.09513245,0.4756486,0.4282685
245,0.000950445,0.0951317,0.4756503,0.4282676
246,0.0009504695,0.09513106,0.4756525,0.4282659
247,0.0009504934,0.09513061,0.4756553,0.4282635
248,0.0009505161,0.09513038,0.4756588,0.4282604
249,0.0009505366,0.09513032,0.4756625,0.4282567
250,0.000950554,0.09513044,0.4756666,0.4282524
251,0.0009505682,0.09513082,0.4756709,0.4282477
252,0.0009505789,0.0951314,0.4756754,0.4282426
253,0.0009505849,0.09513218,0.47568,0.4282373
254,0.0009505865,0.09513322,0.4756844,0.4282318
255,0.0009505827,0.09513441,0.4756884,0.4282266
256,0.0009505741,0.09513585,0.4756922,0.4282214
257,0.0009505607,0.09513744,0.4756955,0.4282166
258,0.0009505419,0.09513923,0.4756983,0.428212
259,0.0009505188,0.09514113,0.4757003,0.428208
260,0.0009504916,0.09514314,0.4757018,0.4282046
261,0.0009504603,0.09514526,0.4757024,0.4282019
262,0.0009504265,0.09514748,0.4757025,0.4281997
263,0.0009503901,0.09514967,0.4757017,0.4281983
264,0.0009503523,0.09515192,0.4757001,0.4281977
265,0.0009503139,0.0951541,0.4756978,0.4281977
266,0.0009502762,0.09515626,0.4756948,0.4281986
267,0.0009502399,0.09515833,0.4756914,0.4282002
268,0.0009502055,0.09516023,0.4756873,0.4282023
269,0.0009501744,0.09516199,0.4756829,0.428205
270,0.0009501476,0.09516354,0.4756781,0.4282082
271,0.0009501253,0.0951649,0.4756733,0.4282118
272,0.0009501083,0.09516596,0.4756683,0.4282155
273,0.0009500977,0.0951668,0.4756637,0.4282194
274,0.0009500932,0.09516738,0.4756592,0.4282234
275,0.0009500953,0.09516764,0.4756551,0.4282271
276,0.0009501043,0.0951676,0.4756516,0.4282307
277,0.0009501197,0.09516727,0.4756484,0.4282342
278,0.0009501416,0.09516665,0.4756461,0.4282371
279,0.0009501696,0.09516573,0.4756445,0.4282396
280,0.000950203,0.09516455,0.4756438,0.4282415
281,0.0009502407,0.09516311,0.4756438,0.4282428
282,0.0009502824,0.09516144,0.4756448,0.4282436
283,0.0009503278,0.09515955,0.4756467,0.4282435
284,0.0009503745,0.0951575,0.4756492,0.4282429
285,0.0009504222,0.09515533,0.4756527,0.4282416
286,0.0009504693,0.09515299,0.4756567,0.4282398
287,0.0009505153,0.09515061,0.4756613,0.4282376
288,0.0009505585,0.09514821,0.4756664,0.4282348
289,0.0009505981,0.09514579,0.4756717,0.4282318
290,0.0009506329,0.09514342,0.4756773,0.4282286
291,0.0009506622,0.09514117,0.4756829,0.4282253
292,0.0009506857,0.09513898,0.4756884,0.4282221
293,0.0009507018,0.09513697,0.4756935,0.4282189
294,0.0009507104,0.09513512,0.4756981,0.428216
295,0.0009507115,0.0951335,0.4757024,0.4282135
296,0.000950705,0.0951321,0.4757059,0.4282113
297,0.0009506906,0.09513093,0.4757085,0.4282099
298,0.0009506692,0.09513002,0.4757102,0.4282091
299,0.000950641,0.09512942,0.475711,0.4282089
300,0.0009506068,0.09512907,0.4757108,0.4282095
301,0.0009505672,0.09512901,0.4757096,0.4282109
302,0.0009505231,0.09512918,0.4757072,0.428213
303,0.0009504764,0.09512968,0.4757041,0.4282157
304,0.0009504275,0.09513038,0.4757,0.4282191
305,0.0009503774,0.09513126,0.4756951,0.4282233
306,0.0009503284,0.09513239,0.4756896,0.4282277
307,0.0009502811,0.09513362,0.4756835,0.4282325
308,0.0009502366,0.09513506,0.4756771,0.4282377
309,0.0009501962,0.09513658,0.4756704,0.4282429
310,0.0009501612,0.09513821,0.4756637,0.4282479
311,0.000950132,0.09513986,0.475657,0.4282531
312,0.0009501099,0.09514155,0.4756507,0.4282576
313,0.0009500952,0.09514324,0.4756449,0.4282617
314,0.0009500885,0.09514489,0.4756398,0.4282652
315,0.0009500895,0.09514647,0.4756354,0.4282679
316,0.0009500986,0.095148,0.4756321,0.4282698
317,0.0009501153,0.0951494,0.4756297,0.4282707
318,0.0009501396,0.09515072,0.4756286,0.4282704
319,0.0009501703,0.09515194,0.4756287,0.4282692
320,0.0009502067,0.09515299,0.4756299,0.4282669
321,0.0009502479,0.09515393,0.4756322,0.4282636
322,0.0009502932,0.09515473,0.4756359,0.428259
323,0.0009503401,0.09515538,0.4756406,0.4282537
324,0.0009503883,0.09515591,0.4756462,0.4282475
325,0.0009504363,0.09515632,0.4756527,0.4282406
326,0.0009504827,0.09515662,0.4756599,0.428233
327,0.0009505268,0.09515681,0.4756677,0.4282251
328,0.0009505657,0.09515695,0.4756757,0.4282168
329,0.0009505999,0.09515696,0.4756839,0.4282085
330,0.0009506273,0.09515693,0.4756919,0.4282005
331,0.0009506478,0.09515687,0.4756997,0.4281929
332,0.0009506604,0.09515674,0.475707,0.4281856
333,0.0009506649,0.09515662,0.4757135,0.4281793
334,0.0009506607,0.09515644,0.475719,0.4281739
335,0.0009506482,0.09515624,0.4757236,0.4281695
336,0.0009506273,0.09515604,0.4757269,0.4281664
337,0.000950599,0.09515585,0.4757289,0.4281647
338,0.0009505637,0.09515563,0.4757295,0.4281644
339,0.0009505226,0.09515542,0.4757287,0.4281654
340,0.0009504764,0.09515517,0.4757263,0.428168
341,0.0009504267,0.09515488,0.4757227,0.428172
342,0.0009503752,0.09515452,0.4757178,0.4281774
343,0.0009503229,0.09515416,0.4757115,0.4281839
344,0.0009502713,0.09515373,0.4757043,0.4281917
345,0.0009502224,0.09515322,0.4756963,0.4282003
346,0.0009501769,0.0951526,0.4756874,0.4282098
347,0.0009501369,0.09515193,0.4756782,0.4282198
348,0.0009501033,0.09515114,0.4756686,0.42823
349,0.0009500773,0.09515023,0.4756592,0.4282405
350,0.0009500599,0.09514923,0.4756499,0.4282508
351,0.0009500518,0.09514811,0.4756412,0.4282606
352,0.000950054,0.09514691,0.4756334,0.4282697
353,0.0009500655,0.09514561,0.4756263,0.4282779
354,0.0009500867,0.09514417,0.4756205,0.4282853
355,0.0009501178,0.09514268,0.475616,0.4282912
356,0.0009501578,0.09514116,0.4756131,0.4282956
357,0.0009502055,0.09513957,0.4756117,0.4282986
358,0.0009502601,0.09513798,0.475612,0.4282998
359,0.0009503198,0.09513643,0.4756138,0.4282994
360,0.0009503839,0.09513494,0.4756174,0.4282973
361,0.0009504503,0.09513353,0.4756225,0.4282935
362,0.000950517,0.0951322,0.475629,0.4282883
363,0.0009505821,0.09513101,0.4756367,0.4282817
364,0.0009506445,0.09513005,0.4756458,0.4282736
365,0.0009507015,0.09512922,0.4756554,0.4282648
366,0.0009507519,0.09512866,0.4756658,0.4282548
367,0.000950794,0.09512835,0.4756765,0.4282444
368,0.0009508268,0.09512834,0.4756872,0.4282336
369,0.0009508485,0.09512863,0.4756978,0.4282227
370,0.000950859,0.09512925,0.4757079,0.428212
371,0.0009508569,0.09513014,0.4757172,0.4282018
372,0.0009508427,0.09513136,0.4757254,0.4281924
373,0.0009508158,0.09513287,0.4757324,0.4281838
374,0.0009507772,0.0951347,0.4757379,0.4281767
375,0.0009507277,0.09513682,0.4757418,0.4281706
376,0.0009506673,0.09513914,0.4757437,0.4281664
377,0.0009505984,0.0951417,0.475744,0.4281637
378,0.0009505218,0.09514439,0.4757423,0.4281628
379,0.0009504403,0.09514723,0.4757386,0.4281637
380,0.0009503554,0.09515012,0.4757333,0.4281662
381,0.0009502695,0.09515306,0.4757265,0.4281702
382,0.0009501838,0.09515592,0.4757178,0.428176
383,0.0009501014,0.09515873,0.475708,0.4281831
384,0.0009500249,0.09516139,0.4756972,0.4281915
385,0.0009499558,0.09516384,0.4756856,0.4282006
386,0.0009498958,0.09516603,0.4756735,0.4282106
387,0.0009498471,0.09516793,0.4756612,0.428221
388,0.0009498107,0.09516943,0.475649,0.4282317
389,0.0009497891,0.09517064,0.4756378,0.4282418
390,0.0009497811,0.0951714,0.4756269,0.428252
391,0.0009497889,0.09517178,0.4756175,0.428261
392,0.0009498116,0.0951717,0.4756093,0.4282692
393,0.000949849,0.09517121,0.4756029,0.428276
394,0.0009499009,0.09517024,0.4755982,0.4282816
395,0.0009499658,0.09516887,0.4755957,0.4282854
396,0.0009500422,0.09516712,0.4755953,0.4282876
397,0.0009501284,0.095165,0.4755969,0.428288
398,0.0009502225,0.09516256,0.4756007,0.4282865
399,0.0009503217,0.09515984,0.4756064,0.4282834
400,0.0009504246,0.0951569,0.4756145,0.4282783
401,0.0009505277,0.09515381,0.4756241,0.4282717
402,0.0009506287,0.09515059,0.4756353,0.4282635
403,0.0009507245,0.0951473,0.4756476,0.4282544
404,0.0009508134,0.0951441,0.4756609,0.4282442
405,0.0009508925,0.09514099,0.4756749,0.4282332
406,0.0009509597,0.09513801,0.475689,0.428222
407,0.0009510129,0.09513522,0.475703,0.4282108
408,0.000951051,0.09513273,0.4757166,0.4281998
409,0.0009510721,0.09513047,0.475729,0.4281894
410,0.0009510766,0.09512861,0.4757403,0.42818
411,0.0009510632,0.09512715,0.47575,0.4281717
412,0.0009510322,0.09512606,0.4757577,0.4281652
413,0.0009509848,0.09512541,0.4757634,0.4281602
414,0.0009509213,0.09512521,0.4757667,0.4281573
415,0.0009508441,0.09512543,0.4757676,0.4281562
416,0.0009507543,0.09512602,0.4757658,0.4281574
417,0.0009506543,0.09512699,0.4757617,0.4281606
418,0.0009505466,0.09512829,0.4757551,0.4281661
419,0.0009504344,0.09512995,0.4757464,0.4281733
420,0.0009503196,0.09513181,0.4757352,0.4281827
421,0.0009502064,0.09513394,0.4757223,0.4281935
422,0.0009500976,0.09513621,0.475708,0.4282058
423,0.0009499954,0.09513858,0.4756924,0.4282191
424,0.0009499028,0.09514101,0.4756761,0.4282331
425,0.0009498229,0.09514343,0.4756593,0.4282475
426,0.0009497573,0.09514573,0.4756427,0.4282618
427,0.0009497085,0.09514796,0.4756268,0.4282756
428,0.0009496774,0.09514997,0.4756117,0.4282886
429,0.000949665,0.09515179,0.475598,0.4283005
430,0.0009496724,0.09515335,0.4755863,0.4283107
431,0.0009496991,0.09515466,0.4755765,0.428319
432,0.0009497448,0.09515569,0.4755694,0.4283251
433,0.0009498083,0.09515642,0.4755648,0.428329
434,0.0009498877,0.09515677,0.4755631,0.4283302
435,0.0009499819,0.09515689,0.4755645,0.4283288
436,0.0009500874,0.09515669,0.4755686,0.4283246
437,0.0009502026,0.09515627,0.4755757,0.4283178
438,0.0009503238,0.0951556,0.4755855,0.4283086
439,0.0009504477,0.09515475,0.4755979,0.4282968
440,0.0009505713,0.09515379,0.4756126,0.428283
441,0.0009506906,0.0951527,0.475629,0.4282675
442,0.0009508035,0.09515157,0.4756471,0.4282506
443,0.0009509054,0.09515043,0.4756661,0.4282325
444,0.0009509941,0.09514932,0.4756857,0.428214
445,0.0009510669,0.09514831,0.4757054,0.4281952
446,0.0009511216,0.09514746,0.4757245,0.4281769
447,0.000951156,0.09514679,0.4757426,0.4281595
448,0.0009511696,0.09514625,0.4757592,0.4281434
449,0.0009511612,0.09514596,0.4757737,0.4281291
450,0.0009511309,0.09514593,0.4757859,0.4281169
451,0.0009510793,0.09514613,0.4757954,0.4281074
452,0.0009510078,0.09514657,0.4758018,0.4281006
453,0.0009509173,0.09514724,0.4758049,0.4280969
454,0.0009508102,0.09514809,0.4758044,0.4280967
455,0.0009506896,0.09514915,0.4758005,0.4280996
456,0.0009505594,0.09515039,0.4757934,0.4281057
457,0.0009504214,0.09515169,0.4757828,0.4281151
458,0.0009502804,0.09515304,0.4757692,0.4281275
459,0.00095014,0.09515438,0.4757529,0.4281426
460,0.0009500036,0.09515568,0.4757342,0.4281601
461,0.000949876,0.09515687,0.4757137,0.4281795
462,0.0009497604,0.0951579,0.4756919,0.4282005
463,0.0009496599,0.09515869,0.4756693,0.4282224
464,0.0009495779,0.0951592,0.4756464,0.4282449
465,0.000949517,0.09515938,0.4756239,0.4282672
466,0.0009494791,0.09515924,0.4756025,0.4282888
467,0.0009494654,0.0951587,0.4755825,0.4283093
468,0.0009494773,0.09515778,0.4755648,0.4283279
469,0.0009495149,0.0951565,0.4755498,0.4283441
470,0.0009495778,0.09515487,0.475538,0.4283575
471,0.0009496638,0.09515284,0.4755295,0.428368
472,0.0009497716,0.09515046,0.4755248,0.4283749
473,0.0009498993,0.09514786,0.4755241,0.4283781
474,0.0009500427,0.09514496,0.4755272,0.4283777
475,0.0009501987,0.0951419,0.4755344,0.4283735
476,0.0009503633,0.09513875,0.4755453,0.4283655
477,0.0009505324,0.09513555,0.4755599,0.4283539
478,0.0009507017,0.09513246,0.4755779,0.428339
479,0.0009508661,0.09512943,0.4755985,0.4283211
480,0.0009510212,0.09512664,0.4756216,0.4283009
481,0.0009511621,0.0951241,0.4756463,0.4282784
482,0.0009512858,0.09512192,0.4756723,0.4282545
483,0.0009513875,0.09512018,0.4756985,0.42823
484,0.000951465,0.09511896,0.4757245,0.4282051
485,0.0009515152,0.09511833,0.4757496,0.4281806
486,0.0009515361,0.09511818,0.4757729,0.4281574
487,0.0009515269,0.09511869,0.475794,0.4281358
488,0.0009514872,0.09511985,0.4758121,0.4281165
489,0.0009514169,0.09512158,0.4758269,0.4281002
490,0.0009513183,0.09512397,0.4758376,0.4280872
491,0.0009511926,0.09512692,0.4758442,0.4280777
492,0.0009510433,0.0951304,0.4758461,0.4280724
493,0.0009508736,0.09513434,0.4758436,0.4280712
494,0.000950688,0.09513871,0.4758364,0.4280742
495,0.0009504908,0.09514333,0.4758247,0.4280814
496,0.000950287,0.09514818,0.4758088,0.4280927
497,0.0009500825,0.09515312,0.4757892,0.4281077
498,0.0009498819,0.09515806,0.4757659,0.4281262
499,0.0009496908,0.09516288,0.4757398,0.4281476
500,0.0009495151,0.09516745,0.4757117,0.4281713
501,0.0009493588,0.09517168,0.4756822,0.4281968
502,0.0009492269,0.09517547,0.475652,0.4282234
503,0.0009491229,0.09517867,0.4756218,0.4282503
504,0.0009490507,0.09518126,0.4755928,0.4282768
505,0.0009490121,0.09518316,0.4755655,0.4283023
506,0.0009490087,0.09518434,0.4755407,0.4283259
507,0.0009490415,0.09518472,0.4755191,0.4283471
508,0.0009491101,0.09518427,0.4755014,0.4283651
509,0.0009492128,0.09518301,0.4754881,0.4283797
510,0.0009493483,0.09518101,0.4754797,0.42839
511,0.0009495133,0.09517826,0.4754763,0.4283959
512,0.0009497031,0.0951748,0.4754781,0.4283974
513,0.0009499142,0.09517075,0.4754855,0.4283938
514,0.0009501412,0.09516621,0.475498,0.4283856
515,0.0009503778,0.09516118,0.4755154,0.4283731
516,0.0009506184,0.09515587,0.4755374,0.4283561
517,0.0009508564,0.09515039,0.4755635,0.4283353
518,0.0009510852,0.09514481,0.4755929,0.4283112
519,0.0009512994,0.09513934,0.475625,0.4282844
520,0.0009514928,0.095134,0.4756591,0.4282554
521,0.00095166,0.09512901,0.4756942,0.4282252
522,0.0009517959,0.0951244,0.4757291,0.4281946
523,0.0009518965,0.09512033,0.4757631,0.4281646
524,0.000951959,0.09511694,0.4757954,0.4281356
525,0.0009519808,0.09511426,0.4758248,0.4281088
526,0.0009519607,0.09511232,0.4758508,0.4280849
527,0.000951899,0.09511124,0.4758724,0.4280645
528,0.0009517966,0.09511098,0.475889,0.4280482
529,0.0009516557,0.09511157,0.4759001,0.4280367
530,0.0009514792,0.09511299,0.4759052,0.4280305
531,0.0009512724,0.0951152,0.4759041,0.4280294
532,0.0009510388,0.09511813,0.4758968,0.428034
533,0.0009507855,0.0951217,0.4758833,0.4280443
534,0.000950519,0.09512586,0.4758641,0.4280595
535,0.0009502455,0.09513041,0.4758394,0.4280799
536,0.0009499729,0.09513529,0.4758097,0.428105
537,0.0009497083,0.09514035,0.4757759,0.428134
538,0.0009494591,0.0951455,0.475739,0.428166
539,0.0009492313,0.0951505,0.4756996,0.4282005
540,0.0009490322,0.09515531,0.4756589,0.4282368
541,0.0009488672,0.09515974,0.475618,0.4282733
542,0.0009487409,0.09516371,0.4755779,0.4283097
543,0.0009486576,0.09516714,0.4755398,0.4283445
544,0.0009486196,0.09516991,0.4755045,0.4283771
545,0.000948629,0.09517191,0.4754734,0.4284061
546,0.0009486858,0.09517316,0.4754469,0.4284312
547,0.0009487891,0.09517357,0.4754262,0.4284514
548,0.000948937,0.09517325,0.4754119,0.4284659
549,0.0009491261,0.09517211,0.4754042,0.4284745
550,0.0009493518,0.09517027,0.4754038,0.4284766
551,0.0009496085,0.09516773,0.4754105,0.4284722
552,0.0009498897,0.09516457,0.4754244,0.4284612
553,0.0009501886,0.09516095,0.4754452,0.4284438
554,0.0009504966,0.0951569,0.4754724,0.4284202
555,0.0009508062,0.0951526,0.4755055,0.4283911
556,0.0009511089,0.09514815,0.4755436,0.4283571
557,0.0009513961,0.09514368,0.4755858,0.4283191
558,0.0009516605,0.09513937,0.4756312,0.4282778
559,0.0009518935,0.09513526,0.4756784,0.4282344
560,0.0009520887,0.09513153,0.4757262,0.4281901
561,0.0009522403,0.09512831,0.4757735,0.428146
562,0.0009523444,0.09512576,0.475819,0.428103
563,0.0009523954,0.09512385,0.475861,0.4280628
564,0.0009523925,0.09512274,0.4758989,0.4280259
565,0.0009523349,0.09512249,0.4759314,0.4279938
566,0.0009522233,0.09512305,0.4759574,0.4279673
567,0.000952059,0.09512446,0.4759763,0.4279472
568,0.000951847,0.09512675,0.4759873,0.4279341
569,0.0009515918,0.0951298,0.47599,0.4279286
570,0.0009512998,0.09513354,0.4759844,0.4279308
571,0.000950978,0.09513788,0.4759704,0.4279409
572,0.0009506352,0.09514271,0.4759481,0.4279585
573,0.0009502802,0.09514793,0.4759183,0.4279835
574,0.0009499227,0.09515335,0.4758814,0.4280154
575,0.0009495724,0.09515878,0.4758384,0.4280533
576,0.0009492384,0.09516408,0.4757902,0.4280964
577,0.0009489302,0.09516909,0.4757382,0.4281438
578,0.0009486576,0.0951737,0.4756839,0.4281938
579,0.0009484266,0.0951776,0.4756283,0.4282456
580,0.0009482456,0.0951808,0.4755731,0.4282978
581,0.0009481197,0.09518312,0.4755198,0.4283489
582,0.0009480538,0.09518448,0.47547,0.4283975
583,0.0009480497,0.09518481,0.4754247,0.4284424
584,0.0009481089,0.09518402,0.4753855,0.4284823
585,0.0009482317,0.09518221,0.4753534,0.4285161
586,0.0009484141,0.0951793,0.4753293,0.4285429
587,0.0009486543,0.09517539,0.4753143,0.4285617
588,0.0009489454,0.09517051,0.4753085,0.428572
589,0.000949281,0.09516484,0.4753123,0.4285736
590,0.0009496522,0.09515841,0.4753259,0.4285661
591,0.000950051,0.09515147,0.4753491,0.4285495
592,0.0009504656,0.09514409,0.4753812,0.4285243
593,0.000950886,0.09513647,0.4754217,0.4284911
594,0.0009513012,0.09512886,0.4754695,0.4284503
595,0.0009516993,0.09512142,0.4755236,0.4284033
596,0.0009520692,0.09511431,0.4755824,0.4283511
597,0.0009524016,0.09510779,0.4756447,0.428295
598,0.0009526855,0.09510199,0.4757088,0.4282365
599,0.0009529128,0.0950971,0.475773,0.4281769
600,0.0009530766,0.09509327,0.4758353,0.4281183
601,0.0009531708,0.09509069,0.4758945,0.4280617
602,0.0009531919,0.09508935,0.4759484,0.4280091
603,0.000953138,0.09508941,0.4759958,0.4279617
604,0.0009530093,0.09509087,0.4760353,0.4279208
605,0.0009528084,0.09509376,0.4760656,0.4278878
606,0.0009525393,0.09509809,0.4760859,0.4278635
607,0.0009522076,0.09510374,0.4760953,0.4278488
608,0.0009518219,0.09511063,0.4760934,0.4278442
609,0.0009513912,0.09511853,0.4760801,0.4278499
610,0.0009509268,0.09512738,0.4760557,0.427866
611,0.0009504405,0.09513694,0.4760206,0.427892
612,0.0009499448,0.09514695,0.4759756,0.4279275
613,0.0009494535,0.09515715,0.4759218,0.4279716
614,0.0009489786,0.09516732,0.4758604,0.4280232
615,0.0009485341,0.09517717,0.4757932,0.4280812
616,0.0009481322,0.09518649,0.4757217,0.4281437
617,0.000947784,0.095195,0.4756479,0.4282093
618,0.000947499,0.0952024,0.4755736,0.4282764
619,0.0009472867,0.09520862,0.4755009,0.4283432
620,0.0009471537,0.09521338,0.4754318,0.4284076
621,0.0009471042,0.09521659,0.4753681,0.4284681
622,0.0009471409,0.09521816,0.4753118,0.4285228
623,0.0009472642,0.09521801,0.4752642,0.4285707
624,0.0009474728,0.09521616,0.4752268,0.4286096
625,0.000947762,0.09521264,0.475201,0.4286387
626,0.000948125,0.09520746,0.4751872,0.4286571
627,0.0009485542,0.09520081,0.4751864,0.4286641
628,0.0009490391,0.09519284,0.4751987,0.4286594
629,0.0009495675,0.09518368,0.4752238,0.4286429
630,0.0009501264,0.09517361,0.4752614,0.4286149
631,0.0009507011,0.09516279,0.4753107,0.4285759
632,0.0009512774,0.09515158,0.4753706,0.4285266
633,0.0009518388,0.09514014,0.4754395,0.4284685
634,0.0009523704,0.0951288,0.4755158,0.428403
635,0.0009528577,0.09511784,0.4755976,0.4283317
636,0.0009532871,0.09510754,0.4756828,0.4282564
637,0.0009536456,0.09509812,0.4757691,0.428179
638,0.0009539227,0.09508988,0.4758543,0.4281019
639,0.0009541096,0.09508301,0.4759361,0.4280268
640,0.0009541998,0.09507768,0.476012,0.4279561
641,0.0009541891,0.09507408,0.4760799,0.4278918
642,0.0009540769,0.09507234,0.4761382,0.4278354
643,0.0009538641,0.09507245,0.4761847,0.427789
644,0.0009535551,0.09507456,0.4762181,0.4277538
645,0.0009531572,0.0950785,0.4762373,0.427731
646,0.0009526796,0.09508432,0.4762416,0.4277214
647,0.0009521339,0.09509178,0.4762305,0.4277255
648,0.000951534,0.09510069,0.4762042,0.4277435
649,0.0009508957,0.09511091,0.4761632,0.427775
650,0.0009502353,0.09512211,0.4761083,0.4278194
651,0.0009495704,0.09513399,0.4760407,0.4278757
652,0.0009489189,0.09514623,0.4759622,0.4279427
653,0.0009482981,0.09515844,0.4758746,0.4280186
654,0.0009477252,0.09517035,0.4757803,0.4281017
655,0.0009472165,0.09518158,0.4756816,0.4281896
656,0.0009467861,0.09519185,0.4755813,0.42828
657,0.0009464462,0.09520083,0.4754818,0.4283709
658,0.0009462076,0.09520825,0.4753859,0.4284596
659,0.000946078,0.09521398,0.4752963,0.4285436
660,0.0009460621,0.09521781,0.4752155,0.4286206
661,0.0009461619,0.09521965,0.4751456,0.4286886
662,0.0009463767,0.09521943,0.4750886,0.4287456
663,0.0009467024,0.09521721,0.4750464,0.4287897
664,0.0009471321,0.09521303,0.4750203,0.4288196
665,0.0009476556,0.09520696,0.4750111,0.4288343
666,0.0009482609,0.09519924,0.4750194,0.4288332
667,0.0009489328,0.09519,0.4750452,0.4288158
668,0.0009496544,0.09517955,0.4750884,0.4287824
669,0.0009504073,0.09516805,0.4751476,0.4287339
670,0.0009511723,0.09515591,0.475222,0.428671
671,0.0009519286,0.09514342,0.4753096,0.4285951
672,0.0009526553,0.09513085,0.4754083,0.4285082
673,0.0009533329,0.09511861,0.4755159,0.4284121
674,0.0009539416,0.09510696,0.4756292,0.4283098
675,0.0009544641,0.09509626,0.4757456,0.4282036
676,0.0009548847,0.09508684,0.475862,0.4280962
677,0.0009551903,0.095079,0.4759755,0.4279903
678,0.0009553701,0.0950729,0.4760824,0.4278893
679,0.0009554185,0.09506894,0.4761802,0.4277956
680,0.0009553301,0.09506702,0.4762657,0.4277121
681,0.0009551066,0.09506744,0.4763367,0.4276408
682,0.0009547508,0.0950702,0.4763907,0.4275844
683,0.0009542723,0.09507535,0.4764264,0.427544
684,0.0009536804,0.09508272,0.4764421,0.4275215
685,0.0009529903,0.09509218,0.4764372,0.4275176
686,0.0009522202,0.09510354,0.4764118,0.4275325
687,0.0009513888,0.09511644,0.4763658,0.4275662
688,0.0009505181,0.09513061,0.4763004,0.4276184
689,0.0009496318,0.09514564,0.4762172,0.4276875
690,0.0009487528,0.09516104,0.4761178,0.4277723
691,0.0009479057,0.09517646,0.4760051,0.4278705
692,0.000947113,0.09519133,0.4758817,0.4279798
693,0.0009463972,0.09520531,0.475751,0.4280973
694,0.0009457785,0.09521787,0.4756161,0.4282202
695,0.0009452744,0.09522863,0.4754807,0.4283453
696,0.0009449009,0.09523739,0.4753487,0.428469
697,0.000944669,0.09524371,0.4752232,0.4285884
698,0.0009445868,0.09524745,0.4751079,0.4287001
699,0.0009446598,0.09524847,0.4750058,0.428801
700,0.0009448876,0.09524675,0.4749202,0.4288881
701,0.0009452663,0.09524222,0.4748533,0.4289593
702,0.0009457893,0.09523506,0.4748071,0.4290121
703,0.0009464449,0.0952254,0.4747832,0.4290449
704,0.0009472176,0.09521343,0.4747825,0.4290568
705,0.0009480891,0.0951995,0.4748056,0.4290469
706,0.0009490381,0.09518391,0.4748521,0.429015
707,0.0009500403,0.09516702,0.474921,0.4289621
708,0.0009510699,0.09514915,0.475011,0.4288887
709,0.0009521004,0.09513088,0.4751202,0.4287969
710,0.0009531039,0.09511256,0.4752458,0.4286884
711,0.0009540524,0.09509466,0.475385,0.4285664
712,0.0009549196,0.09507763,0.475534,0.4284336
713,0.0009556809,0.09506191,0.4756891,0.4282932
714,0.0009563129,0.09504793,0.4758465,0.4281492
715,0.0009567961,0.09503608,0.4760015,0.4280056
716,0.000957115,0.09502678,0.4761503,0.4278657
717,0.0009572585,0.09502034,0.4762886,0.4277338
718,0.0009572183,0.09501693,0.4764123,0.4276135
719,0.0009569936,0.09501683,0.476518,0.4275081
720,0.000956587,0.09502017,0.4766025,0.4274208
721,0.0009560068,0.09502692,0.476663,0.4273541
722,0.0009552662,0.09503702,0.4766976,0.4273103
723,0.0009543826,0.09505029,0.4767046,0.4272907
724,0.0009533786,0.09506652,0.4766837,0.4272965
725,0.0009522793,0.09508526,0.476635,0.4273275
726,0.0009511138,0.09510612,0.4765594,0.4273833
727,0.0009499124,0.0951285,0.4764586,0.427463
728,0.0009487072,0.09515185,0.4763349,0.4275646
729,0.0009475295,0.09517545,0.4761913,0.4276857
730,0.0009464127,0.09519873,0.4760318,0.4278231
731,0.0009453867,0.09522096,0.4758601,0.4279735
732,0.0009444797,0.09524149,0.4756807,0.4281333
733,0.0009437178,0.09525976,0.4754986,0.4282978
734,0.0009431229,0.09527528,0.4753185,0.4284631
735,0.0009427128,0.09528752,0.4751453,0.4286245
736,0.0009425008,0.09529622,0.4749835,0.4287778
737,0.0009424958,0.0953011,0.4748378,0.4289187
738,0.0009427007,0.09530208,0.4747122,0.4290432
739,0.000943113,0.09529908,0.47461,0.4291478
740,0.0009437248,0.09529215,0.4745344,0.4292297
741,0.0009445248,0.09528158,0.4744881,0.4292858
742,0.0009454938,0.09526756,0.4744723,0.4293147
743,0.0009466098,0.09525049,0.4744882,0.4293147
744,0.0009478453,0.09523066,0.4745353,0.4292861
745,0.000949171,0.09520867,0.4746137,0.4292285
746,0.0009505518,0.09518494,0.4747213,0.4291432
747,0.0009519542,0.09516009,0.4748561,0.4290319
748,0.0009533383,0.09513459,0.4750145,0.4288975
749,0.0009546695,0.09510914,0.4751934,0.4287428
750,0.000955909,0.09508423,0.475388,0.4285719
751,0.0009570227,0.09506059,0.4755934,0.428389
752,0.0009579767,0.0950387,0.4758044,0.4281989
753,0.0009587436,0.09501922,0.4760153,0.4280068
754,0.0009592982,0.09500269,0.4762205,0.4278176
755,0.0009596216,0.09498954,0.476414,0.4276368
756,0.0009597011,0.09498026,0.4765908,0.4274692
757,0.0009595306,0.09497517,0.4767455,0.4273198
758,0.0009591107,0.09497456,0.4768735,0.4271928
759,0.0009584489,0.09497865,0.4769708,0.427092
760,0.0009575599,0.09498736,0.4770341,0.4270209
761,0.0009564652,0.09500062,0.4770612,0.4269817
762,0.0009551915,0.09501813,0.4770507,0.4269759
763,0.000953772,0.09503956,0.4770025,0.4270042
764,0.000952243,0.09506434,0.476917,0.4270664
765,0.0009506449,0.09509175,0.4767963,0.4271612
766,0.0009490205,0.09512114,0.4766431,0.4272867
767,0.0009474132,0.09515154,0.4764612,0.4274398
768,0.0009458663,0.09518207,0.4762552,0.4276168
769,0.0009444213,0.09521184,0.4760301,0.4278136
770,0.0009431188,0.09523994,0.4757923,0.4280246
771,0.0009419944,0.09526553,0.4755477,0.4282447
772,0.0009410799,0.09528787,0.4753029,0.4284681
773,0.0009404024,0.09530626,0.4750645,0.4286889
774,0.000939982,0.09532023,0.4748387,0.4289011
775,0.0009398331,0.09532941,0.4746317,0.4290991
776,0.0009399637,0.0953336,0.4744492,0.4292772
777,0.0009403742,0.09533271,0.4742964,0.4294305
778,0.0009410576,0.09532681,0.4741775,0.4295547
779,0.0009420009,0.09531615,0.4740961,0.4296457
780,0.0009431838,0.09530093,0.474055,0.4297009
781,0.0009445791,0.09528168,0.4740556,0.429718
782,0.0009461541,0.09525885,0.4740989,0.4296961
783,0.0009478703,0.09523294,0.4741841,0.4296351
784,0.0009496856,0.09520464,0.4743101,0.4295357
785,0.0009515531,0.09517456,0.4744738,0.4294
786,0.0009534243,0.09514345,0.474672,0.429231
787,0.0009552493,0.09511201,0.4749001,0.4290326
788,0.0009569771,0.09508091,0.4751524,0.4288097
789,0.00095856,0.09505096,0.4754229,0.4285675
790,0.0009599508,0.09502289,0.4757046,0.4283125
791,0.0009611085,0.09499744,0.4759903,0.4280511
792,0.0009619956,0.09497532,0.4762718,0.4277909
793,0.0009625835,0.0949572,0.4765421,0.4275382
794,0.0009628505,0.09494378,0.4767933,0.4273001
795,0.0009627827,0.09493548,0.4770178,0.4270839
796,0.0009623769,0.09493286,0.4772093,0.4268954
797,0.0009616385,0.09493615,0.477362,0.4267402
798,0.0009605838,0.09494559,0.4774706,0.4266232
799,0.0009592368,0.09496108,0.4775317,0.4265479
800,0.0009576307,0.09498246,0.4775425,0.4265174
801,0.0009558077,0.09500922,0.477502,0.4265329
802,0.0009538141,0.09504077,0.4774106,0.4265947
803,0.0009517038,0.0950763,0.4772701,0.4267019
804,0.0009495321,0.09511477,0.4770837,0.426852
805,0.000947358,0.09515502,0.476856,0.4270417
806,0.0009452396,0.09519581,0.4765926,0.4272664
807,0.0009432345,0.09523586,0.4763003,0.4275205
808,0.0009413977,0.09527394,0.4759868,0.4277978
809,0.000939779,0.09530877,0.4756604,0.4280911
810,0.0009384239,0.0953393,0.4753297,0.4283926
811,0.0009373705,0.09536457,0.4750035,0.4286945
812,0.0009366501,0.09538388,0.4746906,0.4289889
813,0.0009362861,0.09539672,0.4743991,0.429268
814,0.0009362914,0.0954027,0.474137,0.4295239
815,0.0009366719,0.09540179,0.4739116,0.4297499
816,0.0009374223,0.09539404,0.4737289,0.4299396
817,0.0009385303,0.09537976,0.4735943,0.4300874
818,0.0009399726,0.09535939,0.473512,0.4301887
819,0.0009417179,0.09533349,0.4734847,0.4302401
820,0.0009437272,0.09530274,0.473514,0.4302395
