EwEVersion,"6.6.7.17812 (compiled 28/02/2022)"
Date,"26/02/2023 11:47:51 AM"
ModelName,CS_model_V1_110722
EcosimScenario,"New Ecosim scenario"
TimeSeries,(none)
StartYear,2020

Data,"Prey of Mantis shrimp"

timestep\group,"Western King Prawn","Other prawns","Sea snails",Sponges,Bivalves,Polychaetes,Seagrass,Macroalgae,"Macroalgal Epiphytes",Microphytobenthos,Detritus,
1,0.0009122077,0.0009120618,0.0009121945,4.876888E-05,9.121805E-05,0.3648492,0.009162829,0.04581478,0.01832592,0.009162675,0.5498081
2,0.0009121738,0.0009119347,0.0009121438,4.876544E-05,9.121044E-05,0.3648123,0.009163165,0.04581547,0.01832619,0.009163672,0.549843
3,0.0009122179,0.0009119046,0.0009121723,4.876696E-05,9.121274E-05,0.3648094,0.009163355,0.04581557,0.01832622,0.009164102,0.5498451
4,0.0009122476,0.0009118762,0.0009121925,4.876809E-05,9.121457E-05,0.3648041,0.009163495,0.04581583,0.01832632,0.009164445,0.5498496
5,0.0009122678,0.0009118537,0.0009122051,4.876869E-05,9.121533E-05,0.3647994,0.009163593,0.04581602,0.01832639,0.00916471,0.5498534
6,0.0009122821,0.0009118392,0.0009122132,4.876887E-05,9.121533E-05,0.3647967,0.009163663,0.04581611,0.01832644,0.009164904,0.5498559
7,0.0009122926,0.0009118312,0.0009122188,4.876872E-05,9.12147E-05,0.3647957,0.009163712,0.04581611,0.01832645,0.009165023,0.5498567
8,0.0009122998,0.0009118286,0.0009122227,4.876835E-05,9.121357E-05,0.3647961,0.009163739,0.045816,0.01832643,0.009165077,0.5498563
9,0.0009123056,0.0009118304,0.0009122274,4.876785E-05,9.121215E-05,0.3647981,0.009163745,0.04581581,0.01832639,0.009165072,0.5498546
10,0.0009123093,0.0009118348,0.0009122324,4.876723E-05,9.121049E-05,0.3648007,0.009163727,0.04581552,0.0183263,0.009165013,0.5498523
11,0.0009123124,0.0009118421,0.0009122391,4.876659E-05,9.120879E-05,0.3648042,0.009163692,0.0458152,0.01832621,0.009164921,0.5498495
12,0.000912314,0.0009118507,0.0009122471,4.876595E-05,9.120703E-05,0.3648081,0.009163628,0.0458148,0.01832609,0.009164797,0.5498462
13,0.000912315,0.0009118604,0.0009122565,4.876533E-05,9.120531E-05,0.3648123,0.009163545,0.04581438,0.01832596,0.009164652,0.5498428
14,0.0009123147,0.0009118716,0.0009122669,4.876477E-05,9.120367E-05,0.3648165,0.009163437,0.04581394,0.01832582,0.009164499,0.5498393
15,0.0009123132,0.0009118826,0.0009122777,4.876426E-05,9.120209E-05,0.3648206,0.009163309,0.04581348,0.01832568,0.009164344,0.549836
16,0.0009123109,0.0009118942,0.0009122885,4.876382E-05,9.120067E-05,0.3648247,0.009163165,0.04581305,0.01832553,0.009164193,0.549833
17,0.0009123073,0.000911905,0.0009122983,4.876343E-05,9.119936E-05,0.3648283,0.009162998,0.04581261,0.01832538,0.009164049,0.5498301
18,0.0009123032,0.0009119158,0.0009123074,4.876312E-05,9.119817E-05,0.3648316,0.009162823,0.04581223,0.01832525,0.009163926,0.5498276
19,0.0009122978,0.0009119252,0.0009123148,4.876286E-05,9.11971E-05,0.3648344,0.009162636,0.04581185,0.01832512,0.009163816,0.5498256
20,0.0009122922,0.0009119335,0.0009123207,4.876268E-05,9.119615E-05,0.3648367,0.009162447,0.04581154,0.018325,0.009163735,0.5498241
21,0.0009122862,0.0009119405,0.0009123246,4.876255E-05,9.119531E-05,0.3648385,0.009162264,0.04581127,0.01832489,0.009163672,0.5498228
22,0.0009122794,0.0009119453,0.0009123262,4.876245E-05,9.119455E-05,0.3648396,0.00916208,0.04581105,0.01832479,0.009163631,0.5498223
23,0.000912273,0.0009119485,0.0009123259,4.876242E-05,9.119391E-05,0.36484,0.009161913,0.04581089,0.01832472,0.009163622,0.5498223
24,0.0009122667,0.0009119495,0.0009123239,4.876243E-05,9.119337E-05,0.3648399,0.009161766,0.0458108,0.01832466,0.009163633,0.5498228
25,0.0009122611,0.0009119485,0.0009123206,4.87625E-05,9.119292E-05,0.3648393,0.009161643,0.04581078,0.01832463,0.009163675,0.5498236
26,0.0009122558,0.0009119452,0.0009123154,4.876259E-05,9.119252E-05,0.364838,0.009161549,0.04581082,0.01832462,0.009163736,0.5498248
27,0.000912251,0.0009119391,0.0009123092,4.876273E-05,9.119219E-05,0.3648359,0.009161484,0.0458109,0.01832462,0.009163819,0.5498268
28,0.0009122475,0.0009119314,0.0009123026,4.876291E-05,9.119195E-05,0.3648334,0.00916146,0.04581107,0.01832466,0.009163922,0.5498289
29,0.0009122448,0.0009119215,0.0009122951,4.876313E-05,9.119171E-05,0.3648304,0.009161473,0.04581129,0.01832471,0.009164044,0.5498317
30,0.0009122433,0.0009119093,0.0009122879,4.876338E-05,9.119156E-05,0.364827,0.009161527,0.04581157,0.01832479,0.009164182,0.5498345
31,0.000912243,0.0009118957,0.0009122809,4.876365E-05,9.119146E-05,0.3648231,0.009161621,0.04581189,0.01832489,0.009164332,0.5498378
32,0.0009122434,0.0009118802,0.0009122744,4.876393E-05,9.119137E-05,0.3648188,0.009161755,0.04581226,0.018325,0.00916449,0.5498413
33,0.000912245,0.0009118637,0.0009122689,4.876425E-05,9.119137E-05,0.3648145,0.009161926,0.04581267,0.01832514,0.009164657,0.5498448
34,0.0009122478,0.0009118462,0.0009122646,4.87646E-05,9.119136E-05,0.3648098,0.009162136,0.04581309,0.01832529,0.009164825,0.5498484
35,0.0009122518,0.000911828,0.0009122617,4.876497E-05,9.119145E-05,0.3648051,0.009162376,0.04581357,0.01832545,0.009164996,0.5498522
36,0.0009122567,0.0009118097,0.0009122604,4.876535E-05,9.119154E-05,0.3648003,0.009162643,0.04581405,0.01832562,0.009165164,0.5498559
37,0.0009122624,0.0009117912,0.0009122607,4.876575E-05,9.119169E-05,0.3647957,0.009162929,0.04581453,0.01832581,0.009165325,0.5498595
38,0.0009122689,0.0009117729,0.0009122625,4.876615E-05,9.119185E-05,0.3647911,0.00916323,0.045815,0.01832599,0.009165477,0.5498629
39,0.0009122759,0.0009117552,0.0009122657,4.876656E-05,9.119204E-05,0.3647867,0.009163532,0.04581546,0.01832617,0.00916562,0.5498662
40,0.000912284,0.0009117388,0.0009122712,4.876698E-05,9.11923E-05,0.3647828,0.009163842,0.04581591,0.01832636,0.00916575,0.5498692
41,0.0009122924,0.0009117235,0.0009122782,4.876741E-05,9.119258E-05,0.3647792,0.009164141,0.04581633,0.01832654,0.009165864,0.5498717
42,0.0009123007,0.0009117093,0.0009122863,4.876783E-05,9.119289E-05,0.364776,0.009164416,0.0458167,0.0183267,0.009165959,0.5498739
43,0.0009123092,0.0009116965,0.0009122958,4.876823E-05,9.119326E-05,0.3647731,0.009164673,0.04581704,0.01832685,0.009166036,0.549876
44,0.0009123181,0.0009116864,0.0009123069,4.876864E-05,9.119367E-05,0.3647709,0.0091649,0.04581734,0.01832699,0.009166098,0.5498775
45,0.0009123268,0.0009116777,0.0009123186,4.876905E-05,9.119411E-05,0.3647693,0.009165086,0.04581758,0.01832711,0.009166139,0.5498785
46,0.0009123346,0.0009116711,0.0009123308,4.876945E-05,9.119456E-05,0.364768,0.009165228,0.04581776,0.01832721,0.00916616,0.5498793
47,0.0009123422,0.0009116664,0.0009123435,4.87698E-05,9.119506E-05,0.3647675,0.009165322,0.04581788,0.01832728,0.009166162,0.5498796
48,0.000912349,0.0009116639,0.0009123565,4.877016E-05,9.11956E-05,0.3647675,0.00916537,0.04581795,0.01832734,0.00916615,0.5498794
49,0.0009123549,0.0009116636,0.0009123693,4.877049E-05,9.119617E-05,0.364768,0.009165361,0.04581795,0.01832737,0.009166121,0.5498789
50,0.0009123598,0.0009116651,0.0009123815,4.877079E-05,9.119675E-05,0.364769,0.009165301,0.04581791,0.01832737,0.009166077,0.5498779
51,0.0009123639,0.0009116681,0.000912393,4.877107E-05,9.11973E-05,0.3647704,0.009165185,0.0458178,0.01832735,0.009166019,0.5498769
52,0.0009123668,0.0009116735,0.0009124036,4.877131E-05,9.119792E-05,0.3647723,0.00916502,0.04581765,0.0183273,0.009165952,0.5498753
53,0.0009123686,0.00091168,0.0009124127,4.877152E-05,9.11985E-05,0.3647745,0.009164808,0.04581745,0.01832723,0.009165875,0.5498737
54,0.0009123693,0.0009116882,0.0009124209,4.877169E-05,9.119909E-05,0.3647772,0.009164555,0.04581722,0.01832714,0.009165792,0.5498717
55,0.0009123688,0.000911697,0.0009124273,4.877181E-05,9.119966E-05,0.3647799,0.009164268,0.04581696,0.01832704,0.009165706,0.5498697
56,0.000912367,0.0009117069,0.000912432,4.87719E-05,9.120017E-05,0.3647828,0.009163953,0.04581668,0.01832692,0.00916562,0.5498675
57,0.0009123646,0.0009117173,0.0009124352,4.877195E-05,9.120071E-05,0.3647859,0.009163618,0.04581639,0.0183268,0.009165535,0.5498653
58,0.0009123607,0.0009117278,0.0009124362,4.877196E-05,9.120117E-05,0.3647888,0.009163274,0.04581609,0.01832666,0.009165452,0.5498632
59,0.0009123561,0.0009117385,0.0009124355,4.877191E-05,9.120157E-05,0.3647917,0.009162929,0.0458158,0.01832652,0.009165377,0.5498611
60,0.0009123507,0.000911749,0.0009124331,4.877181E-05,9.120191E-05,0.3647945,0.009162594,0.04581553,0.01832638,0.009165308,0.5498592
61,0.0009123445,0.000911759,0.0009124288,4.877167E-05,9.120218E-05,0.3647971,0.009162273,0.04581529,0.01832624,0.009165246,0.5498574
62,0.000912338,0.0009117682,0.0009124227,4.877148E-05,9.120234E-05,0.3647994,0.009161984,0.04581506,0.01832612,0.009165199,0.5498558
63,0.0009123313,0.0009117767,0.0009124158,4.877124E-05,9.120245E-05,0.3648014,0.009161732,0.04581489,0.01832601,0.009165165,0.5498543
64,0.0009123241,0.0009117841,0.0009124071,4.877095E-05,9.120241E-05,0.364803,0.009161526,0.04581477,0.01832591,0.00916514,0.5498531
65,0.0009123171,0.0009117905,0.0009123978,4.877061E-05,9.120231E-05,0.3648042,0.009161369,0.04581469,0.01832584,0.009165131,0.5498523
66,0.0009123104,0.0009117956,0.0009123877,4.877023E-05,9.12021E-05,0.3648051,0.009161274,0.04581468,0.01832579,0.009165133,0.5498517
67,0.0009123039,0.0009117992,0.0009123771,4.87698E-05,9.120176E-05,0.3648054,0.009161239,0.04581472,0.01832576,0.009165147,0.5498512
68,0.000912298,0.0009118017,0.0009123666,4.876934E-05,9.120131E-05,0.3648055,0.009161269,0.04581484,0.01832577,0.009165172,0.5498511
69,0.0009122927,0.0009118029,0.0009123561,4.876885E-05,9.120078E-05,0.3648051,0.009161369,0.04581501,0.0183258,0.009165212,0.5498511
70,0.0009122876,0.0009118022,0.0009123455,4.876832E-05,9.12001E-05,0.3648042,0.00916153,0.04581522,0.01832585,0.009165251,0.5498515
71,0.0009122843,0.0009118014,0.0009123365,4.876778E-05,9.119935E-05,0.3648032,0.00916176,0.04581551,0.01832594,0.009165306,0.549852
72,0.0009122818,0.0009117991,0.0009123283,4.876723E-05,9.119852E-05,0.3648019,0.009162046,0.04581585,0.01832605,0.009165362,0.5498525
73,0.0009122799,0.0009117961,0.0009123213,4.876664E-05,9.119758E-05,0.3648001,0.009162388,0.04581622,0.01832619,0.009165423,0.5498533
74,0.0009122795,0.0009117925,0.0009123154,4.876607E-05,9.119655E-05,0.3647983,0.009162773,0.04581665,0.01832634,0.009165483,0.549854
75,0.00091228,0.0009117882,0.0009123113,4.876548E-05,9.119548E-05,0.3647963,0.009163198,0.04581708,0.01832651,0.00916554,0.5498551
76,0.0009122818,0.0009117842,0.0009123097,4.876493E-05,9.119437E-05,0.3647945,0.009163653,0.04581756,0.01832671,0.009165599,0.5498558
77,0.0009122842,0.00091178,0.0009123093,4.876438E-05,9.119321E-05,0.3647924,0.009164123,0.04581803,0.01832691,0.009165648,0.5498565
78,0.0009122877,0.0009117761,0.0009123111,4.876386E-05,9.119204E-05,0.3647906,0.009164599,0.0458185,0.01832712,0.009165687,0.5498572
79,0.0009122916,0.0009117726,0.0009123146,4.876336E-05,9.119086E-05,0.3647888,0.009165067,0.04581895,0.01832732,0.00916572,0.5498579
80,0.0009122965,0.0009117701,0.0009123204,4.876294E-05,9.118973E-05,0.3647874,0.009165521,0.0458194,0.01832753,0.009165742,0.5498581
81,0.000912302,0.0009117685,0.0009123278,4.876253E-05,9.118861E-05,0.3647862,0.009165941,0.0458198,0.01832773,0.009165749,0.5498582
82,0.0009123078,0.0009117681,0.0009123369,4.876219E-05,9.118756E-05,0.3647855,0.00916632,0.04582017,0.01832792,0.009165742,0.549858
83,0.0009123142,0.000911769,0.0009123478,4.876193E-05,9.118662E-05,0.3647851,0.009166654,0.04582049,0.01832809,0.009165726,0.5498576
84,0.0009123199,0.0009117705,0.0009123591,4.876169E-05,9.11857E-05,0.3647849,0.009166921,0.04582073,0.01832823,0.009165687,0.5498571
85,0.0009123259,0.0009117742,0.0009123718,4.876156E-05,9.118491E-05,0.3647855,0.009167125,0.04582093,0.01832836,0.009165638,0.5498561
86,0.0009123319,0.0009117795,0.0009123856,4.876152E-05,9.118427E-05,0.3647865,0.009167256,0.04582106,0.01832846,0.009165578,0.5498548
87,0.0009123369,0.0009117859,0.0009123991,4.876152E-05,9.118374E-05,0.3647878,0.009167305,0.0458211,0.01832851,0.009165501,0.5498533
88,0.0009123412,0.0009117938,0.0009124127,4.87616E-05,9.118334E-05,0.3647895,0.009167274,0.04582108,0.01832855,0.009165415,0.5498517
89,0.0009123451,0.0009118032,0.0009124262,4.876176E-05,9.11831E-05,0.3647918,0.009167165,0.04582099,0.01832854,0.009165317,0.5498496
90,0.0009123478,0.0009118135,0.0009124387,4.876199E-05,9.118301E-05,0.3647944,0.009166976,0.04582082,0.01832851,0.009165211,0.5498475
91,0.0009123497,0.0009118252,0.0009124507,4.876231E-05,9.118307E-05,0.3647974,0.009166712,0.04582061,0.01832844,0.009165099,0.5498451
92,0.0009123505,0.0009118375,0.000912461,4.87627E-05,9.118329E-05,0.3648005,0.009166379,0.04582033,0.01832834,0.009164981,0.5498427
93,0.0009123496,0.0009118503,0.0009124693,4.876311E-05,9.118361E-05,0.3648038,0.009165983,0.04581999,0.01832821,0.00916486,0.5498405
94,0.0009123484,0.0009118644,0.0009124767,4.876362E-05,9.118411E-05,0.3648075,0.009165539,0.04581963,0.01832806,0.009164746,0.5498379
95,0.0009123452,0.0009118778,0.000912481,4.876414E-05,9.118473E-05,0.364811,0.009165052,0.0458192,0.01832788,0.009164627,0.5498355
96,0.0009123418,0.0009118918,0.0009124842,4.876473E-05,9.118549E-05,0.3648147,0.009164542,0.04581878,0.01832769,0.009164522,0.5498331
97,0.000912337,0.0009119048,0.0009124844,4.876532E-05,9.118633E-05,0.3648181,0.009164012,0.04581833,0.01832748,0.009164419,0.549831
98,0.0009123311,0.0009119173,0.0009124822,4.876594E-05,9.118726E-05,0.3648214,0.009163482,0.04581788,0.01832727,0.009164324,0.5498289
99,0.0009123247,0.0009119293,0.0009124781,4.876656E-05,9.118825E-05,0.3648245,0.009162965,0.04581744,0.01832705,0.009164245,0.549827
100,0.0009123177,0.0009119399,0.0009124714,4.876719E-05,9.118931E-05,0.3648272,0.009162475,0.04581704,0.01832684,0.009164178,0.5498255
101,0.00091231,0.0009119493,0.0009124626,4.876779E-05,9.119036E-05,0.3648296,0.009162025,0.04581667,0.01832663,0.009164121,0.5498243
102,0.000912302,0.0009119572,0.0009124517,4.876836E-05,9.119142E-05,0.3648314,0.009161624,0.04581632,0.01832644,0.00916408,0.5498235
103,0.0009122944,0.0009119636,0.0009124393,4.876891E-05,9.119249E-05,0.3648329,0.009161291,0.04581606,0.01832627,0.009164058,0.5498228
104,0.0009122859,0.0009119679,0.0009124246,4.876939E-05,9.119348E-05,0.3648336,0.009161022,0.04581582,0.01832612,0.009164043,0.5498227
105,0.000912279,0.0009119712,0.00091241,4.876984E-05,9.11945E-05,0.3648342,0.009160846,0.04581568,0.018326,0.009164051,0.5498227
106,0.000912272,0.0009119721,0.0009123937,4.877021E-05,9.119538E-05,0.364834,0.009160749,0.04581558,0.01832591,0.009164068,0.5498231
107,0.0009122656,0.0009119712,0.0009123772,4.877051E-05,9.119618E-05,0.3648334,0.009160744,0.04581557,0.01832586,0.009164096,0.5498238
108,0.0009122602,0.0009119685,0.0009123606,4.877072E-05,9.119684E-05,0.3648321,0.009160831,0.04581563,0.01832583,0.009164137,0.5498248
109,0.0009122561,0.0009119647,0.0009123446,4.877088E-05,9.119744E-05,0.3648306,0.009161012,0.04581577,0.01832585,0.00916419,0.5498261
110,0.0009122528,0.0009119592,0.0009123289,4.877094E-05,9.119786E-05,0.3648285,0.00916128,0.04581597,0.0183259,0.009164249,0.5498276
111,0.0009122507,0.0009119523,0.0009123143,4.877089E-05,9.119813E-05,0.364826,0.009161622,0.04581622,0.01832598,0.009164313,0.5498294
112,0.0009122505,0.0009119447,0.0009123015,4.877079E-05,9.119832E-05,0.3648233,0.009162044,0.04581656,0.0183261,0.009164383,0.549831
113,0.000912251,0.0009119359,0.0009122901,4.877059E-05,9.119832E-05,0.3648204,0.009162526,0.04581692,0.01832624,0.009164453,0.5498331
114,0.000912253,0.0009119267,0.0009122808,4.877033E-05,9.119818E-05,0.3648173,0.00916306,0.04581733,0.01832642,0.009164521,0.5498349
115,0.0009122564,0.0009119171,0.0009122734,4.876997E-05,9.119787E-05,0.3648142,0.009163631,0.04581776,0.01832661,0.009164585,0.5498369
116,0.0009122608,0.0009119075,0.0009122686,4.876955E-05,9.119746E-05,0.364811,0.009164223,0.0458182,0.01832682,0.009164643,0.5498387
117,0.0009122666,0.0009118983,0.0009122664,4.876907E-05,9.119694E-05,0.3648081,0.009164828,0.04581866,0.01832704,0.009164696,0.5498403
118,0.0009122731,0.0009118894,0.0009122666,4.876855E-05,9.119631E-05,0.3648053,0.009165421,0.04581912,0.01832727,0.009164738,0.5498418
119,0.0009122806,0.000911881,0.0009122693,4.876797E-05,9.119556E-05,0.3648025,0.00916599,0.04581954,0.0183275,0.009164771,0.5498433
120,0.0009122889,0.0009118736,0.0009122744,4.876738E-05,9.119474E-05,0.3648003,0.00916652,0.04581994,0.01832772,0.009164794,0.5498443
121,0.0009122972,0.0009118673,0.0009122815,4.876674E-05,9.119383E-05,0.3647984,0.009166993,0.04582028,0.01832793,0.009164804,0.5498452
122,0.0009123057,0.0009118621,0.0009122908,4.87661E-05,9.119288E-05,0.3647968,0.0091674,0.04582058,0.01832812,0.009164806,0.5498458
123,0.0009123146,0.0009118582,0.000912302,4.876547E-05,9.119192E-05,0.3647958,0.00916773,0.04582082,0.01832828,0.009164792,0.5498462
124,0.0009123234,0.0009118558,0.000912315,4.876485E-05,9.119095E-05,0.3647952,0.009167973,0.04582101,0.01832843,0.009164775,0.5498462
125,0.000912331,0.0009118544,0.0009123287,4.876422E-05,9.118993E-05,0.364795,0.009168114,0.04582111,0.01832853,0.00916474,0.549846
126,0.0009123387,0.0009118543,0.0009123434,4.876366E-05,9.118897E-05,0.3647953,0.009168158,0.04582116,0.01832862,0.009164703,0.5498456
127,0.000912345,0.0009118554,0.0009123583,4.876312E-05,9.118803E-05,0.364796,0.009168095,0.0458211,0.01832866,0.00916466,0.549845
128,0.0009123505,0.0009118576,0.0009123735,4.876261E-05,9.118713E-05,0.3647971,0.009167932,0.04582099,0.01832867,0.009164612,0.5498442
129,0.0009123549,0.0009118606,0.0009123881,4.876217E-05,9.11863E-05,0.3647985,0.009167667,0.04582081,0.01832863,0.009164562,0.5498433
130,0.0009123583,0.0009118649,0.0009124025,4.876181E-05,9.118557E-05,0.3648003,0.009167313,0.04582057,0.01832857,0.009164516,0.5498421
131,0.00091236,0.0009118688,0.0009124153,4.876148E-05,9.118489E-05,0.3648022,0.00916687,0.04582027,0.01832847,0.009164467,0.5498412
132,0.0009123609,0.0009118737,0.000912427,4.876123E-05,9.118432E-05,0.3648044,0.009166358,0.04581993,0.01832835,0.009164428,0.54984
133,0.0009123601,0.0009118784,0.000912437,4.876105E-05,9.118381E-05,0.3648065,0.009165779,0.04581955,0.0183282,0.009164397,0.549839
134,0.0009123578,0.0009118828,0.0009124451,4.876092E-05,9.11834E-05,0.3648086,0.009165158,0.04581916,0.01832802,0.009164376,0.549838
135,0.0009123547,0.0009118867,0.0009124514,4.876088E-05,9.118308E-05,0.3648105,0.009164508,0.04581875,0.01832783,0.009164369,0.5498374
136,0.0009123504,0.0009118898,0.0009124555,4.876091E-05,9.118284E-05,0.3648125,0.009163847,0.04581835,0.01832764,0.009164376,0.5498366
137,0.000912345,0.000911892,0.0009124571,4.876099E-05,9.118266E-05,0.3648139,0.00916319,0.04581795,0.01832743,0.009164398,0.5498365
138,0.0009123387,0.0009118928,0.0009124566,4.876113E-05,9.118258E-05,0.3648151,0.009162558,0.0458176,0.01832723,0.009164438,0.5498365
139,0.0009123316,0.0009118923,0.0009124539,4.87613E-05,9.118254E-05,0.3648158,0.009161967,0.04581727,0.01832704,0.009164493,0.5498368
140,0.0009123243,0.0009118903,0.0009124494,4.876153E-05,9.118257E-05,0.3648161,0.009161433,0.045817,0.01832686,0.009164567,0.5498375
141,0.0009123167,0.0009118865,0.0009124428,4.87618E-05,9.118263E-05,0.3648159,0.009160973,0.0458168,0.0183267,0.009164655,0.5498385
142,0.0009123094,0.0009118811,0.0009124351,4.876209E-05,9.118271E-05,0.3648151,0.009160601,0.04581665,0.01832657,0.009164761,0.5498398
143,0.0009123025,0.0009118743,0.000912426,4.876241E-05,9.118282E-05,0.364814,0.009160329,0.04581659,0.01832647,0.009164877,0.5498412
144,0.0009122957,0.0009118657,0.000912416,4.876274E-05,9.118294E-05,0.3648122,0.00916016,0.04581661,0.0183264,0.009165006,0.549843
145,0.0009122897,0.0009118558,0.0009124054,4.876308E-05,9.118305E-05,0.3648099,0.009160108,0.0458167,0.01832636,0.009165144,0.5498453
146,0.0009122847,0.0009118445,0.0009123944,4.876342E-05,9.118316E-05,0.3648072,0.00916017,0.04581688,0.01832636,0.009165286,0.5498476
147,0.000912281,0.0009118324,0.0009123843,4.876376E-05,9.118326E-05,0.3648042,0.009160353,0.04581714,0.01832642,0.009165435,0.54985
148,0.0009122783,0.0009118196,0.0009123745,4.876408E-05,9.118333E-05,0.3648008,0.009160644,0.04581746,0.0183265,0.00916558,0.5498526
149,0.0009122771,0.0009118062,0.0009123657,4.876438E-05,9.118338E-05,0.3647972,0.009161045,0.04581786,0.01832662,0.009165724,0.5498552
150,0.0009122773,0.000911793,0.0009123586,4.876469E-05,9.118342E-05,0.3647935,0.009161543,0.04581833,0.01832678,0.00916586,0.5498575
151,0.000912279,0.0009117796,0.0009123529,4.876496E-05,9.118341E-05,0.3647898,0.009162128,0.04581882,0.01832697,0.009165982,0.54986
152,0.0009122822,0.0009117672,0.000912349,4.876521E-05,9.118339E-05,0.3647862,0.009162783,0.04581936,0.01832719,0.009166087,0.5498621
153,0.0009122866,0.0009117557,0.0009123475,4.876544E-05,9.118337E-05,0.3647827,0.00916349,0.0458199,0.01832742,0.009166176,0.5498641
154,0.0009122923,0.0009117455,0.000912348,4.876564E-05,9.11833E-05,0.3647794,0.009164235,0.04582045,0.01832767,0.009166241,0.5498657
155,0.0009122992,0.000911737,0.0009123508,4.876581E-05,9.118323E-05,0.3647766,0.009164991,0.04582098,0.01832793,0.009166284,0.5498669
156,0.0009123071,0.0009117307,0.000912356,4.876597E-05,9.118314E-05,0.3647744,0.009165744,0.04582148,0.01832819,0.009166298,0.5498676
157,0.0009123158,0.0009117268,0.0009123636,4.876612E-05,9.118312E-05,0.3647728,0.009166474,0.04582194,0.01832844,0.009166283,0.5498677
158,0.0009123249,0.000911725,0.0009123732,4.876623E-05,9.118306E-05,0.3647717,0.009167152,0.04582234,0.01832867,0.009166239,0.5498675
159,0.0009123345,0.0009117268,0.0009123849,4.876635E-05,9.118309E-05,0.3647715,0.009167771,0.04582268,0.01832889,0.009166171,0.5498666
160,0.0009123441,0.0009117312,0.0009123981,4.876645E-05,9.118313E-05,0.364772,0.009168304,0.04582293,0.01832907,0.009166067,0.5498652
161,0.0009123531,0.000911738,0.0009124124,4.876653E-05,9.118323E-05,0.3647733,0.009168735,0.04582306,0.01832922,0.009165937,0.5498633
162,0.0009123617,0.0009117482,0.0009124276,4.876663E-05,9.118339E-05,0.3647754,0.009169053,0.0458231,0.01832933,0.009165782,0.5498609
163,0.0009123696,0.000911761,0.0009124436,4.876673E-05,9.118364E-05,0.3647784,0.009169249,0.04582305,0.01832939,0.009165604,0.5498579
164,0.0009123763,0.000911777,0.0009124594,4.876683E-05,9.118393E-05,0.3647822,0.009169311,0.04582288,0.01832941,0.009165403,0.5498543
165,0.0009123817,0.000911795,0.0009124745,4.876691E-05,9.118434E-05,0.3647865,0.00916924,0.0458226,0.01832938,0.009165186,0.5498504
166,0.0009123855,0.0009118155,0.0009124889,4.876701E-05,9.118483E-05,0.3647915,0.009169034,0.04582222,0.01832929,0.009164958,0.5498463
167,0.0009123876,0.0009118372,0.0009125014,4.876712E-05,9.118536E-05,0.364797,0.009168688,0.04582173,0.01832915,0.009164718,0.5498421
168,0.000912388,0.0009118611,0.0009125125,4.876723E-05,9.118604E-05,0.3648031,0.009168225,0.04582117,0.01832898,0.009164481,0.5498374
169,0.0009123863,0.0009118854,0.0009125212,4.876736E-05,9.118672E-05,0.3648094,0.009167646,0.04582053,0.01832875,0.009164241,0.5498327
170,0.0009123828,0.0009119102,0.000912527,4.876747E-05,9.118746E-05,0.3648157,0.009166963,0.04581982,0.01832848,0.009164009,0.5498281
171,0.0009123774,0.0009119351,0.0009125299,4.876759E-05,9.118828E-05,0.3648222,0.009166196,0.04581907,0.01832819,0.009163791,0.5498238
172,0.0009123702,0.0009119594,0.0009125297,4.87677E-05,9.118915E-05,0.3648286,0.009165364,0.04581829,0.01832786,0.009163589,0.5498195
173,0.0009123614,0.0009119823,0.0009125263,4.876782E-05,9.119005E-05,0.3648346,0.009164492,0.04581751,0.01832752,0.009163409,0.5498157
174,0.0009123507,0.0009120036,0.0009125192,4.876791E-05,9.119089E-05,0.3648401,0.009163596,0.04581675,0.01832716,0.009163257,0.5498123
175,0.000912339,0.0009120227,0.0009125089,4.876797E-05,9.119174E-05,0.3648451,0.009162703,0.045816,0.0183268,0.00916313,0.5498095
176,0.000912326,0.0009120387,0.0009124951,4.876801E-05,9.119255E-05,0.3648494,0.009161836,0.0458153,0.01832645,0.009163037,0.5498071
177,0.0009123125,0.0009120525,0.0009124785,4.876802E-05,9.11933E-05,0.364853,0.009161027,0.0458147,0.01832612,0.009162982,0.5498054
178,0.0009122981,0.0009120624,0.0009124589,4.876797E-05,9.119395E-05,0.3648555,0.009160287,0.04581416,0.01832581,0.009162962,0.5498045
179,0.000912284,0.0009120687,0.0009124372,4.87679E-05,9.11945E-05,0.364857,0.009159644,0.04581375,0.01832554,0.009162977,0.5498044
180,0.00091227,0.0009120714,0.0009124136,4.876777E-05,9.119494E-05,0.3648575,0.00915912,0.04581344,0.01832532,0.009163031,0.5498049
181,0.0009122568,0.0009120701,0.0009123885,4.87676E-05,9.119524E-05,0.364857,0.009158725,0.04581326,0.01832514,0.009163121,0.5498062
182,0.0009122447,0.000912065,0.0009123629,4.876738E-05,9.119541E-05,0.3648554,0.009158476,0.04581323,0.01832502,0.009163246,0.549808
183,0.0009122334,0.0009120555,0.0009123366,4.876707E-05,9.119535E-05,0.3648526,0.009158378,0.04581331,0.01832495,0.009163396,0.5498107
184,0.0009122242,0.000912043,0.0009123114,4.876674E-05,9.119515E-05,0.3648491,0.009158446,0.04581356,0.01832496,0.009163581,0.5498138
185,0.0009122168,0.0009120264,0.0009122867,4.876632E-05,9.119472E-05,0.3648444,0.00915867,0.04581392,0.01832502,0.009163783,0.5498177
186,0.0009122118,0.0009120077,0.0009122642,4.876588E-05,9.119418E-05,0.3648389,0.009159057,0.04581444,0.01832515,0.009164009,0.5498221
187,0.0009122083,0.0009119853,0.0009122434,4.876535E-05,9.119337E-05,0.3648325,0.009159591,0.04581504,0.01832534,0.009164243,0.5498269
188,0.000912208,0.0009119613,0.0009122262,4.876481E-05,9.119247E-05,0.3648259,0.009160268,0.04581579,0.0183256,0.009164492,0.5498317
189,0.0009122101,0.0009119356,0.0009122124,4.876422E-05,9.119137E-05,0.3648186,0.009161066,0.04581661,0.0183259,0.00916474,0.5498368
190,0.0009122147,0.0009119087,0.0009122023,4.876361E-05,9.119011E-05,0.3648112,0.009161972,0.04581752,0.01832626,0.009164985,0.5498418
191,0.0009122216,0.0009118815,0.0009121964,4.876297E-05,9.118875E-05,0.3648035,0.009162963,0.04581847,0.01832666,0.009165224,0.549847
192,0.0009122309,0.0009118544,0.000912195,4.876231E-05,9.118725E-05,0.364796,0.009164006,0.04581944,0.01832708,0.009165447,0.5498518
193,0.000912242,0.0009118274,0.0009121976,4.876164E-05,9.118566E-05,0.3647887,0.009165082,0.04582042,0.01832752,0.009165647,0.5498564
194,0.0009122552,0.0009118025,0.0009122055,4.876102E-05,9.118402E-05,0.3647818,0.009166161,0.04582139,0.01832797,0.009165827,0.5498606
195,0.0009122703,0.0009117798,0.0009122178,4.876041E-05,9.11824E-05,0.3647757,0.009167216,0.04582231,0.01832842,0.009165981,0.5498642
196,0.0009122866,0.0009117593,0.0009122345,4.875984E-05,9.118077E-05,0.3647702,0.009168216,0.04582318,0.01832886,0.009166099,0.5498672
197,0.0009123037,0.0009117419,0.0009122554,4.875933E-05,9.11792E-05,0.3647656,0.009169137,0.04582395,0.01832928,0.009166188,0.5498695
198,0.0009123212,0.0009117274,0.0009122795,4.875889E-05,9.117767E-05,0.364762,0.009169945,0.04582461,0.01832965,0.009166235,0.5498712
199,0.0009123388,0.0009117167,0.0009123068,4.875852E-05,9.11763E-05,0.3647596,0.009170629,0.04582515,0.01832999,0.009166249,0.5498722
200,0.0009123561,0.0009117099,0.000912337,4.875825E-05,9.117503E-05,0.364758,0.009171158,0.04582554,0.01833027,0.009166228,0.5498724
201,0.0009123726,0.0009117072,0.0009123688,4.875806E-05,9.117395E-05,0.364758,0.009171519,0.0458258,0.0183305,0.009166171,0.5498716
202,0.0009123876,0.0009117082,0.0009124019,4.875799E-05,9.117305E-05,0.3647588,0.009171701,0.04582588,0.01833064,0.00916608,0.5498704
203,0.0009124012,0.0009117135,0.0009124352,4.875803E-05,9.117235E-05,0.3647609,0.009171695,0.04582581,0.01833072,0.009165959,0.5498683
204,0.0009124129,0.0009117225,0.0009124682,4.875817E-05,9.117191E-05,0.3647642,0.009171498,0.04582558,0.01833073,0.009165812,0.5498657
205,0.0009124222,0.0009117348,0.0009124998,4.875843E-05,9.117169E-05,0.3647683,0.009171112,0.04582518,0.01833066,0.009165644,0.5498626
206,0.0009124289,0.0009117498,0.0009125295,4.875879E-05,9.117171E-05,0.3647734,0.009170542,0.04582463,0.01833051,0.009165457,0.5498588
207,0.0009124332,0.0009117684,0.0009125564,4.875928E-05,9.1172E-05,0.3647792,0.009169807,0.04582395,0.0183303,0.009165257,0.5498547
208,0.0009124344,0.0009117889,0.0009125802,4.875986E-05,9.117255E-05,0.3647858,0.009168917,0.04582315,0.01833001,0.009165056,0.5498503
209,0.0009124328,0.0009118106,0.0009125994,4.876054E-05,9.117334E-05,0.3647927,0.009167896,0.04582226,0.01832966,0.009164848,0.5498458
210,0.0009124287,0.0009118338,0.0009126147,4.876131E-05,9.117434E-05,0.3648,0.00916677,0.04582129,0.01832926,0.009164652,0.5498412
211,0.0009124214,0.0009118571,0.000912625,4.876214E-05,9.117554E-05,0.3648072,0.009165562,0.04582027,0.01832881,0.009164462,0.5498368
212,0.0009124114,0.0009118802,0.0009126301,4.876302E-05,9.117693E-05,0.3648143,0.009164307,0.04581921,0.01832834,0.009164286,0.5498328
213,0.0009123992,0.0009119025,0.0009126297,4.876396E-05,9.117848E-05,0.3648211,0.009163037,0.04581815,0.01832785,0.009164135,0.5498288
214,0.0009123851,0.0009119235,0.0009126241,4.876492E-05,9.118015E-05,0.3648275,0.009161789,0.04581713,0.01832735,0.009164008,0.5498253
215,0.0009123687,0.0009119423,0.0009126129,4.876586E-05,9.118188E-05,0.3648332,0.009160585,0.04581615,0.01832685,0.009163905,0.5498224
216,0.0009123512,0.0009119586,0.0009125969,4.87668E-05,9.118367E-05,0.3648381,0.009159469,0.04581527,0.01832637,0.009163839,0.5498201
217,0.000912333,0.0009119721,0.0009125766,4.876772E-05,9.118549E-05,0.364842,0.00915847,0.04581448,0.01832593,0.009163804,0.5498185
218,0.0009123147,0.0009119824,0.0009125522,4.876858E-05,9.118727E-05,0.364845,0.009157613,0.04581382,0.01832553,0.009163804,0.5498174
219,0.0009122959,0.0009119888,0.0009125238,4.876938E-05,9.118896E-05,0.3648466,0.009156919,0.0458133,0.01832517,0.009163833,0.5498173
220,0.0009122776,0.0009119914,0.0009124927,4.877007E-05,9.119055E-05,0.3648473,0.009156418,0.04581295,0.01832489,0.009163898,0.5498178
221,0.0009122608,0.0009119906,0.0009124599,4.87707E-05,9.119202E-05,0.3648467,0.009156121,0.04581276,0.01832468,0.009163993,0.5498191
222,0.0009122456,0.0009119861,0.0009124256,4.87712E-05,9.119333E-05,0.3648451,0.00915604,0.04581274,0.01832454,0.009164115,0.5498208
223,0.0009122318,0.0009119781,0.0009123911,4.877158E-05,9.119444E-05,0.3648422,0.009156179,0.04581289,0.01832448,0.009164262,0.5498234
224,0.0009122206,0.0009119668,0.0009123569,4.877184E-05,9.119532E-05,0.3648384,0.009156535,0.04581322,0.01832451,0.009164425,0.5498264
225,0.0009122118,0.0009119528,0.0009123244,4.877195E-05,9.119594E-05,0.3648336,0.009157107,0.04581371,0.01832462,0.009164602,0.54983
226,0.0009122057,0.000911936,0.0009122936,4.877193E-05,9.119633E-05,0.3648281,0.00915788,0.04581434,0.01832481,0.009164787,0.5498337
227,0.0009122029,0.0009119176,0.0009122664,4.877177E-05,9.11965E-05,0.3648219,0.009158838,0.04581512,0.01832508,0.009164974,0.5498378
228,0.0009122028,0.0009118978,0.0009122425,4.877146E-05,9.119634E-05,0.3648153,0.009159955,0.045816,0.01832541,0.009165155,0.5498418
229,0.0009122062,0.0009118773,0.0009122233,4.877106E-05,9.1196E-05,0.3648085,0.009161207,0.04581699,0.01832581,0.00916533,0.5498459
230,0.0009122124,0.0009118567,0.0009122089,4.877052E-05,9.119543E-05,0.3648017,0.00916256,0.04581803,0.01832626,0.009165487,0.5498497
231,0.0009122213,0.0009118366,0.0009121996,4.876986E-05,9.119462E-05,0.3647949,0.009163978,0.0458191,0.01832674,0.009165622,0.5498534
232,0.0009122334,0.0009118179,0.0009121961,4.876914E-05,9.119361E-05,0.3647885,0.009165428,0.04582018,0.01832726,0.009165734,0.5498567
233,0.0009122473,0.0009118013,0.0009121978,4.876832E-05,9.119247E-05,0.3647827,0.009166871,0.04582125,0.01832779,0.009165814,0.5498593
234,0.0009122632,0.0009117867,0.0009122051,4.876743E-05,9.119115E-05,0.3647777,0.009168262,0.04582224,0.01832831,0.009165857,0.5498616
235,0.0009122809,0.0009117752,0.0009122177,4.876652E-05,9.118976E-05,0.3647735,0.009169571,0.04582317,0.01832882,0.009165867,0.5498628
236,0.0009122996,0.0009117672,0.0009122354,4.876559E-05,9.118829E-05,0.3647704,0.00917076,0.04582397,0.01832929,0.009165838,0.5498635
237,0.0009123186,0.0009117626,0.0009122576,4.876464E-05,9.118678E-05,0.3647683,0.009171792,0.04582466,0.01832973,0.009165774,0.5498635
238,0.0009123375,0.0009117619,0.0009122834,4.876373E-05,9.118528E-05,0.3647675,0.009172642,0.04582517,0.0183301,0.009165671,0.5498625
239,0.0009123564,0.0009117658,0.0009123129,4.876285E-05,9.118386E-05,0.364768,0.009173282,0.04582554,0.01833041,0.009165535,0.5498608
240,0.0009123739,0.0009117731,0.0009123447,4.876202E-05,9.118249E-05,0.3647697,0.009173692,0.04582572,0.01833064,0.009165365,0.5498585
241,0.0009123901,0.0009117846,0.0009123779,4.876129E-05,9.118127E-05,0.3647727,0.00917386,0.0458257,0.0183308,0.009165172,0.5498552
242,0.0009124039,0.0009117993,0.0009124114,4.876062E-05,9.118016E-05,0.3647767,0.009173773,0.0458255,0.01833085,0.009164948,0.5498517
243,0.0009124154,0.0009118178,0.000912445,4.876006E-05,9.117925E-05,0.364782,0.009173437,0.04582512,0.01833083,0.009164713,0.5498473
244,0.0009124243,0.0009118384,0.0009124768,4.875959E-05,9.11785E-05,0.3647881,0.009172849,0.04582454,0.0183307,0.009164464,0.5498427
245,0.0009124301,0.0009118622,0.0009125069,4.875925E-05,9.117796E-05,0.364795,0.009172031,0.04582381,0.01833049,0.009164213,0.5498377
246,0.0009124323,0.0009118869,0.0009125335,4.875902E-05,9.117763E-05,0.3648025,0.009170995,0.04582294,0.0183302,0.009163965,0.5498326
247,0.0009124309,0.0009119126,0.0009125563,4.875891E-05,9.117748E-05,0.3648103,0.009169768,0.04582193,0.01832983,0.009163724,0.5498276
248,0.000912427,0.000911939,0.0009125748,4.875893E-05,9.117756E-05,0.3648185,0.009168384,0.04582085,0.01832939,0.009163509,0.5498225
249,0.000912419,0.0009119643,0.0009125878,4.875905E-05,9.117782E-05,0.3648264,0.009166869,0.04581968,0.01832889,0.009163312,0.5498179
250,0.0009124082,0.0009119883,0.0009125954,4.875927E-05,9.117823E-05,0.364834,0.009165272,0.04581847,0.01832835,0.009163146,0.5498137
251,0.0009123945,0.0009120103,0.0009125976,4.875959E-05,9.117884E-05,0.3648411,0.00916363,0.04581727,0.01832779,0.00916302,0.5498102
252,0.0009123784,0.0009120295,0.0009125937,4.876001E-05,9.117959E-05,0.3648475,0.00916199,0.04581612,0.01832721,0.009162935,0.5498073
253,0.0009123599,0.0009120451,0.000912584,4.876048E-05,9.118043E-05,0.364853,0.009160391,0.04581501,0.01832663,0.009162896,0.5498052
254,0.0009123401,0.0009120572,0.0009125687,4.876103E-05,9.118137E-05,0.3648573,0.009158882,0.04581401,0.01832608,0.009162907,0.5498038
255,0.000912319,0.0009120643,0.000912548,4.876159E-05,9.118232E-05,0.3648603,0.009157503,0.04581315,0.01832556,0.009162968,0.5498037
256,0.0009122972,0.0009120663,0.0009125228,4.876218E-05,9.118331E-05,0.3648618,0.009156292,0.04581243,0.01832509,0.009163075,0.5498043
257,0.0009122757,0.0009120636,0.0009124935,4.876278E-05,9.118425E-05,0.3648619,0.009155289,0.0458119,0.01832468,0.009163235,0.5498061
258,0.0009122551,0.0009120554,0.0009124612,4.876337E-05,9.118516E-05,0.3648605,0.00915452,0.04581158,0.01832436,0.009163443,0.5498089
259,0.0009122356,0.000912042,0.0009124261,4.876392E-05,9.118593E-05,0.3648575,0.009154006,0.04581145,0.01832412,0.009163687,0.5498126
260,0.0009122181,0.0009120238,0.0009123901,4.876444E-05,9.11866E-05,0.364853,0.009153774,0.04581155,0.01832398,0.00916397,0.5498171
261,0.0009122027,0.0009120008,0.0009123535,4.876489E-05,9.118713E-05,0.364847,0.009153824,0.04581187,0.01832393,0.009164287,0.5498227
262,0.0009121905,0.0009119736,0.0009123181,4.876529E-05,9.11875E-05,0.3648397,0.009154171,0.04581241,0.018324,0.009164627,0.5498286
263,0.0009121814,0.0009119428,0.0009122841,4.876561E-05,9.118766E-05,0.3648313,0.009154798,0.04581315,0.01832417,0.009164983,0.5498352
264,0.000912176,0.0009119091,0.000912253,4.876585E-05,9.118765E-05,0.364822,0.009155702,0.04581408,0.01832444,0.009165344,0.5498421
265,0.0009121745,0.0009118732,0.0009122257,4.876599E-05,9.118743E-05,0.3648119,0.009156857,0.04581518,0.0183248,0.009165705,0.5498493
266,0.0009121769,0.0009118363,0.0009122032,4.876605E-05,9.118702E-05,0.3648014,0.009158237,0.04581644,0.01832526,0.009166053,0.5498564
267,0.0009121833,0.0009117993,0.0009121862,4.876604E-05,9.118646E-05,0.3647907,0.009159808,0.04581781,0.0183258,0.009166382,0.5498633
268,0.0009121937,0.0009117628,0.0009121751,4.876594E-05,9.118569E-05,0.3647801,0.00916153,0.04581925,0.0183264,0.00916668,0.54987
269,0.0009122078,0.0009117282,0.0009121705,4.876577E-05,9.11848E-05,0.3647699,0.009163363,0.04582072,0.01832705,0.009166939,0.5498759
270,0.0009122251,0.0009116957,0.0009121728,4.876555E-05,9.118379E-05,0.3647604,0.009165253,0.04582219,0.01832773,0.009167153,0.5498813
271,0.0009122457,0.0009116671,0.0009121816,4.876527E-05,9.118269E-05,0.3647518,0.009167153,0.04582363,0.01832843,0.009167316,0.5498856
272,0.0009122683,0.0009116427,0.0009121973,4.876494E-05,9.118155E-05,0.3647444,0.009169009,0.04582497,0.01832912,0.009167419,0.5498891
273,0.0009122932,0.0009116236,0.0009122197,4.876461E-05,9.118038E-05,0.3647384,0.009170772,0.0458262,0.01832979,0.00916746,0.5498914
274,0.0009123191,0.0009116102,0.000912248,4.876426E-05,9.117922E-05,0.364734,0.009172391,0.04582727,0.01833041,0.009167434,0.5498924
275,0.0009123459,0.0009116033,0.0009122817,4.876393E-05,9.117817E-05,0.3647314,0.009173824,0.04582816,0.01833098,0.009167346,0.5498921
276,0.0009123721,0.0009116028,0.00091232,4.876363E-05,9.117721E-05,0.3647307,0.009175024,0.04582883,0.01833147,0.009167194,0.5498906
277,0.0009123978,0.000911609,0.000912362,4.876335E-05,9.117638E-05,0.3647318,0.009175956,0.04582925,0.01833186,0.009166976,0.5498878
278,0.0009124219,0.0009116224,0.0009124064,4.876315E-05,9.117575E-05,0.3647351,0.009176591,0.04582942,0.01833215,0.009166704,0.5498837
279,0.0009124436,0.0009116419,0.000912452,4.876299E-05,9.117529E-05,0.3647402,0.009176908,0.04582932,0.01833232,0.009166377,0.5498784
280,0.0009124627,0.0009116681,0.0009124981,4.876293E-05,9.117511E-05,0.3647472,0.009176892,0.04582895,0.01833238,0.009166005,0.549872
281,0.000912478,0.0009116999,0.0009125428,4.876294E-05,9.117516E-05,0.3647558,0.009176537,0.04582831,0.0183323,0.009165597,0.5498648
282,0.0009124894,0.0009117368,0.0009125851,4.876305E-05,9.117543E-05,0.3647659,0.009175846,0.04582741,0.0183321,0.00916516,0.5498568
283,0.0009124965,0.0009117779,0.0009126238,4.876323E-05,9.117602E-05,0.3647774,0.009174835,0.04582628,0.01833178,0.009164703,0.5498481
284,0.0009124991,0.0009118229,0.000912658,4.876354E-05,9.11769E-05,0.3647899,0.009173528,0.04582495,0.01833134,0.009164246,0.5498391
285,0.0009124971,0.0009118701,0.0009126862,4.87639E-05,9.117802E-05,0.3648032,0.009171952,0.04582343,0.01833079,0.009163793,0.5498298
286,0.0009124897,0.0009119181,0.0009127075,4.876434E-05,9.117936E-05,0.3648168,0.009170141,0.04582174,0.01833013,0.009163352,0.5498207
287,0.0009124778,0.0009119661,0.0009127215,4.876486E-05,9.118093E-05,0.3648304,0.009168148,0.04581998,0.0183294,0.009162944,0.549812
288,0.0009124614,0.000912013,0.0009127272,4.876543E-05,9.118268E-05,0.3648439,0.00916602,0.04581815,0.01832861,0.009162568,0.5498036
289,0.0009124406,0.0009120575,0.0009127246,4.876604E-05,9.118456E-05,0.3648567,0.009163811,0.04581631,0.01832778,0.009162243,0.549796
290,0.0009124161,0.0009120982,0.0009127131,4.876667E-05,9.118655E-05,0.3648684,0.009161579,0.0458145,0.01832692,0.009161973,0.5497895
291,0.0009123885,0.0009121348,0.0009126933,4.876731E-05,9.118858E-05,0.3648788,0.009159389,0.04581277,0.01832606,0.009161771,0.549784
292,0.0009123581,0.0009121654,0.0009126653,4.876792E-05,9.119062E-05,0.3648878,0.009157293,0.04581117,0.01832522,0.009161634,0.5497798
293,0.0009123264,0.0009121898,0.0009126297,4.876851E-05,9.11926E-05,0.3648948,0.009155356,0.04580976,0.01832444,0.009161576,0.5497769
294,0.0009122934,0.0009122068,0.0009125872,4.876902E-05,9.11945E-05,0.3648998,0.009153629,0.04580855,0.01832371,0.009161592,0.5497757
