EwEVersion,"6.6.7.17812 (compiled 28/02/2022)"
Date,"26/02/2023 11:47:51 AM"
ModelName,CS_model_V1_110722
EcosimScenario,"New Ecosim scenario"
TimeSeries,(none)
StartYear,2020

Data,"Prey of Southern Garfish"

timestep\group,"Scaly Mackerel","King George Whiting","Whiting Species","Dragonets ","Blue Sprat","Sandy Sprat",Pilchard,"Sea snails",Polychaetes,Seagrass,Macroalgae,"Macroalgal Epiphytes",
1,0.003009778,0.005381308,0.07006125,0.009943452,0.1226048,0.122606,0.03503021,0.001200323,0.01713564,0.1751489,0.3503027,0.08757569
2,0.003009697,0.005381153,0.07005822,0.009942866,0.1225959,0.122598,0.0350278,0.001200278,0.01713422,0.1751586,0.3503145,0.08757862
3,0.003009636,0.005381041,0.07005686,0.009942962,0.1225945,0.1225974,0.03502751,0.001200314,0.01713407,0.1751621,0.3503149,0.08757869
4,0.003009595,0.005380959,0.07005592,0.009943033,0.1225937,0.1225975,0.03502743,0.001200335,0.01713374,0.1751639,0.3503151,0.08757872
5,0.00300957,0.005380899,0.07005531,0.009943098,0.1225931,0.1225977,0.0350274,0.001200347,0.01713346,0.1751651,0.3503152,0.08757873
6,0.00300956,0.005380858,0.07005496,0.009943167,0.1225924,0.1225979,0.03502737,0.001200356,0.01713329,0.1751661,0.3503153,0.08757882
7,0.003009564,0.005380827,0.0700547,0.009943228,0.1225916,0.122598,0.03502734,0.001200363,0.01713325,0.175167,0.3503153,0.08757887
8,0.003009582,0.005380802,0.07005452,0.009943282,0.1225907,0.122598,0.03502731,0.001200371,0.0171333,0.1751679,0.3503152,0.08757897
9,0.003009613,0.005380784,0.07005436,0.009943328,0.1225899,0.122598,0.03502728,0.001200381,0.01713346,0.1751687,0.3503151,0.08757906
10,0.003009656,0.00538077,0.07005419,0.009943372,0.1225892,0.122598,0.03502724,0.001200395,0.01713368,0.1751694,0.3503149,0.08757918
11,0.003009711,0.005380762,0.07005404,0.009943411,0.1225884,0.122598,0.03502722,0.001200412,0.01713397,0.1751699,0.3503149,0.08757935
12,0.003009774,0.005380755,0.07005389,0.009943452,0.1225878,0.122598,0.03502718,0.001200433,0.01713429,0.1751702,0.3503148,0.08757951
13,0.003009846,0.005380753,0.07005376,0.0099435,0.1225871,0.122598,0.03502716,0.001200456,0.01713465,0.1751702,0.3503148,0.08757971
14,0.003009925,0.00538076,0.07005368,0.009943554,0.1225866,0.1225981,0.03502713,0.001200482,0.01713502,0.1751699,0.3503149,0.08757993
15,0.003010007,0.00538077,0.07005367,0.009943618,0.1225861,0.1225981,0.03502709,0.001200509,0.0171354,0.1751693,0.3503152,0.08758017
16,0.003010092,0.00538079,0.07005372,0.009943694,0.1225856,0.1225982,0.03502705,0.001200536,0.01713577,0.1751685,0.3503157,0.08758043
17,0.003010178,0.005380817,0.07005385,0.009943781,0.1225852,0.1225983,0.03502699,0.001200562,0.01713613,0.1751672,0.3503163,0.0875807
18,0.003010263,0.005380851,0.07005408,0.009943881,0.1225848,0.1225984,0.03502692,0.001200587,0.01713647,0.1751657,0.3503171,0.08758098
19,0.003010345,0.005380895,0.07005442,0.009943991,0.1225843,0.1225984,0.03502683,0.00120061,0.01713679,0.175164,0.350318,0.08758128
20,0.003010422,0.005380948,0.07005489,0.009944113,0.1225839,0.1225984,0.03502671,0.00120063,0.01713707,0.1751622,0.3503191,0.08758159
21,0.003010494,0.005381009,0.07005546,0.009944241,0.1225834,0.1225984,0.03502656,0.001200646,0.01713731,0.1751603,0.3503203,0.0875819
22,0.003010559,0.005381078,0.07005614,0.009944373,0.1225829,0.1225982,0.03502638,0.001200658,0.01713751,0.1751583,0.3503216,0.0875822
23,0.003010616,0.005381155,0.07005692,0.009944509,0.1225823,0.122598,0.03502617,0.001200667,0.01713766,0.1751564,0.350323,0.0875825
24,0.003010663,0.00538124,0.0700578,0.009944643,0.1225816,0.1225977,0.0350259,0.001200672,0.01713776,0.1751547,0.3503245,0.08758277
25,0.003010699,0.005381329,0.07005875,0.009944772,0.1225808,0.1225972,0.0350256,0.001200674,0.01713781,0.1751532,0.3503261,0.08758307
26,0.003010724,0.005381424,0.07005976,0.009944894,0.1225799,0.1225967,0.03502524,0.001200671,0.01713781,0.1751521,0.3503276,0.0875833
27,0.003010737,0.005381522,0.07006082,0.00994501,0.1225789,0.1225959,0.03502485,0.001200666,0.01713776,0.1751512,0.350329,0.08758356
28,0.003010738,0.005381622,0.07006191,0.009945109,0.1225777,0.1225951,0.03502441,0.001200657,0.01713765,0.1751508,0.3503305,0.08758374
29,0.003010725,0.005381723,0.07006301,0.009945195,0.1225764,0.1225942,0.03502393,0.001200647,0.01713749,0.1751509,0.3503318,0.08758393
30,0.0030107,0.005381823,0.07006409,0.009945263,0.122575,0.122593,0.0350234,0.001200634,0.01713729,0.1751515,0.3503331,0.08758408
31,0.003010663,0.005381922,0.07006516,0.009945312,0.1225735,0.1225918,0.03502284,0.00120062,0.01713704,0.1751527,0.3503343,0.0875842
32,0.003010613,0.005382018,0.07006615,0.009945342,0.1225719,0.1225905,0.03502224,0.001200605,0.01713675,0.1751543,0.3503353,0.08758428
33,0.003010552,0.005382111,0.07006707,0.009945353,0.1225703,0.1225891,0.03502163,0.00120059,0.01713643,0.1751564,0.350336,0.08758436
34,0.00301048,0.005382198,0.07006793,0.009945344,0.1225686,0.1225877,0.03502099,0.001200575,0.01713608,0.1751591,0.3503367,0.08758438
35,0.003010399,0.00538228,0.07006869,0.009945315,0.1225668,0.1225862,0.03502034,0.001200561,0.01713571,0.1751621,0.3503371,0.08758443
36,0.003010308,0.005382357,0.07006936,0.009945266,0.1225651,0.1225847,0.03501971,0.001200548,0.01713532,0.1751656,0.3503375,0.08758439
37,0.003010209,0.005382424,0.07006989,0.0099452,0.1225634,0.1225832,0.03501909,0.001200535,0.01713493,0.1751692,0.3503375,0.08758435
38,0.003010104,0.005382487,0.07007033,0.00994512,0.1225618,0.1225818,0.03501849,0.001200525,0.01713453,0.1751731,0.3503374,0.0875843
39,0.003009994,0.005382542,0.07007065,0.009945027,0.1225602,0.1225805,0.03501793,0.001200517,0.01713414,0.175177,0.3503372,0.08758425
40,0.00300988,0.005382589,0.07007083,0.009944919,0.1225588,0.1225793,0.03501741,0.001200511,0.01713376,0.175181,0.3503367,0.08758417
41,0.003009765,0.005382629,0.07007091,0.009944808,0.1225576,0.1225782,0.03501697,0.001200507,0.01713341,0.1751848,0.3503362,0.08758409
42,0.003009649,0.005382664,0.07007088,0.009944691,0.1225566,0.1225773,0.03501658,0.001200506,0.01713309,0.1751884,0.3503356,0.08758399
43,0.003009535,0.005382692,0.07007074,0.00994457,0.1225558,0.1225767,0.03501627,0.001200507,0.0171328,0.1751917,0.3503349,0.08758391
44,0.003009424,0.005382714,0.0700705,0.009944454,0.1225552,0.1225763,0.03501607,0.001200511,0.01713255,0.1751944,0.350334,0.08758379
45,0.003009317,0.00538273,0.07007018,0.00994434,0.122555,0.1225761,0.03501596,0.001200517,0.01713233,0.1751966,0.3503332,0.08758371
46,0.003009215,0.005382743,0.07006979,0.009944235,0.122555,0.1225762,0.03501595,0.001200526,0.01713217,0.1751982,0.3503323,0.08758361
47,0.00300912,0.005382753,0.07006934,0.009944138,0.1225553,0.1225766,0.03501605,0.001200536,0.01713205,0.1751991,0.3503315,0.0875835
48,0.003009034,0.005382759,0.07006884,0.009944056,0.1225559,0.1225772,0.03501626,0.001200548,0.01713198,0.1751993,0.3503306,0.08758341
49,0.003008958,0.005382765,0.07006832,0.009943991,0.1225569,0.1225782,0.03501659,0.001200562,0.01713197,0.1751987,0.3503298,0.08758333
50,0.003008891,0.005382769,0.07006776,0.009943943,0.1225581,0.1225794,0.035017,0.001200577,0.01713199,0.1751973,0.350329,0.08758323
51,0.003008837,0.005382773,0.07006723,0.00994391,0.1225596,0.122581,0.03501754,0.001200592,0.01713206,0.1751951,0.3503282,0.08758315
52,0.003008794,0.005382777,0.07006667,0.009943897,0.1225613,0.1225827,0.03501817,0.001200608,0.01713218,0.1751923,0.3503276,0.08758305
53,0.003008762,0.005382782,0.07006615,0.009943901,0.1225633,0.1225846,0.03501889,0.001200623,0.01713232,0.1751887,0.3503269,0.08758296
54,0.003008742,0.005382789,0.07006564,0.009943924,0.1225655,0.1225868,0.03501968,0.001200638,0.01713251,0.1751844,0.3503265,0.08758287
55,0.003008735,0.005382797,0.07006516,0.009943962,0.1225679,0.122589,0.03502055,0.001200652,0.01713271,0.1751797,0.3503261,0.08758274
56,0.003008739,0.005382808,0.07006472,0.009944019,0.1225703,0.1225914,0.03502147,0.001200664,0.01713294,0.1751747,0.3503257,0.08758263
57,0.003008755,0.005382818,0.07006433,0.009944085,0.1225728,0.1225939,0.03502242,0.001200675,0.01713317,0.1751692,0.3503253,0.08758247
58,0.003008782,0.005382833,0.07006399,0.009944162,0.1225754,0.1225963,0.03502339,0.001200683,0.01713341,0.1751636,0.3503251,0.08758233
59,0.003008819,0.005382848,0.07006369,0.009944254,0.122578,0.1225987,0.03502437,0.001200689,0.01713365,0.175158,0.3503249,0.08758216
60,0.003008865,0.005382866,0.07006343,0.009944346,0.1225804,0.122601,0.03502533,0.001200692,0.01713387,0.1751526,0.3503247,0.087582
61,0.003008919,0.005382883,0.0700632,0.00994444,0.1225827,0.1226031,0.03502626,0.001200692,0.01713407,0.1751473,0.3503245,0.08758178
62,0.003008981,0.005382902,0.07006302,0.009944532,0.1225848,0.122605,0.03502715,0.00120069,0.01713426,0.1751426,0.3503245,0.08758157
63,0.003009048,0.005382921,0.07006287,0.009944623,0.1225867,0.1226067,0.03502797,0.001200685,0.01713441,0.1751384,0.3503244,0.08758134
64,0.003009121,0.005382939,0.07006273,0.009944703,0.1225883,0.1226081,0.0350287,0.001200676,0.01713453,0.1751348,0.3503242,0.08758111
65,0.003009198,0.005382956,0.07006261,0.009944772,0.1225896,0.1226091,0.03502935,0.001200665,0.01713461,0.1751321,0.3503241,0.08758084
66,0.003009277,0.005382973,0.07006251,0.009944832,0.1225906,0.1226098,0.0350299,0.001200652,0.01713464,0.1751302,0.350324,0.08758063
67,0.003009358,0.005382985,0.07006238,0.009944873,0.1225912,0.1226101,0.03503032,0.001200637,0.01713464,0.1751293,0.3503238,0.08758038
68,0.003009439,0.005382998,0.07006225,0.009944896,0.1225913,0.12261,0.03503062,0.00120062,0.0171346,0.1751294,0.3503237,0.08758014
69,0.00300952,0.005383005,0.07006211,0.009944897,0.1225911,0.1226095,0.0350308,0.001200601,0.01713451,0.1751306,0.3503235,0.08757991
70,0.003009598,0.005383009,0.07006191,0.00994488,0.1225904,0.1226086,0.03503082,0.001200581,0.01713437,0.1751328,0.3503234,0.08757971
71,0.003009674,0.005383008,0.07006171,0.009944841,0.1225894,0.1226073,0.03503072,0.001200561,0.01713421,0.1751359,0.3503232,0.08757953
72,0.003009747,0.005383003,0.07006143,0.009944778,0.1225879,0.1226056,0.03503048,0.00120054,0.01713401,0.17514,0.350323,0.08757935
73,0.003009816,0.005382996,0.07006114,0.0099447,0.1225861,0.1226035,0.03503013,0.001200521,0.01713379,0.1751451,0.3503229,0.08757928
74,0.00300988,0.005382982,0.07006079,0.009944597,0.1225839,0.1226011,0.03502965,0.001200502,0.01713354,0.1751509,0.3503229,0.08757921
75,0.003009941,0.005382966,0.07006041,0.00994448,0.1225815,0.1225984,0.03502907,0.001200486,0.01713329,0.1751573,0.3503229,0.08757921
76,0.003009996,0.005382948,0.07005998,0.009944349,0.1225789,0.1225955,0.0350284,0.001200471,0.01713303,0.1751643,0.3503231,0.08757927
77,0.003010045,0.005382923,0.07005951,0.009944203,0.122576,0.1225924,0.03502763,0.001200459,0.01713277,0.1751715,0.3503232,0.08757938
78,0.003010089,0.005382899,0.07005901,0.009944051,0.1225729,0.1225891,0.03502679,0.00120045,0.01713252,0.175179,0.3503236,0.08757956
79,0.003010127,0.005382871,0.07005848,0.009943893,0.1225698,0.1225858,0.03502591,0.001200445,0.01713229,0.1751865,0.3503241,0.0875798
80,0.00301016,0.005382844,0.07005793,0.009943736,0.1225667,0.1225825,0.035025,0.001200443,0.01713209,0.1751938,0.3503247,0.08758012
81,0.003010187,0.005382815,0.07005738,0.009943579,0.1225636,0.1225792,0.03502407,0.001200445,0.01713192,0.1752007,0.3503256,0.08758049
82,0.003010208,0.005382787,0.07005681,0.00994343,0.1225607,0.1225761,0.03502314,0.001200451,0.0171318,0.1752071,0.3503266,0.08758096
83,0.003010225,0.00538276,0.07005627,0.009943294,0.1225578,0.1225731,0.03502223,0.00120046,0.01713173,0.1752128,0.3503278,0.08758147
84,0.003010237,0.005382737,0.07005574,0.009943174,0.1225553,0.1225703,0.03502136,0.001200475,0.0171317,0.1752177,0.3503292,0.08758205
85,0.003010244,0.005382716,0.07005523,0.009943072,0.122553,0.1225679,0.03502056,0.001200492,0.01713173,0.1752217,0.3503308,0.08758264
86,0.003010247,0.005382699,0.07005478,0.009942989,0.1225509,0.1225657,0.03501982,0.001200512,0.01713181,0.1752245,0.3503326,0.08758333
87,0.003010244,0.005382686,0.07005437,0.009942929,0.1225493,0.122564,0.03501915,0.001200535,0.01713196,0.1752263,0.3503346,0.08758401
88,0.003010237,0.005382678,0.07005402,0.009942898,0.122548,0.1225626,0.03501859,0.001200561,0.01713215,0.1752268,0.3503367,0.08758473
89,0.003010225,0.005382674,0.07005372,0.009942893,0.1225472,0.1225616,0.03501813,0.001200589,0.0171324,0.1752262,0.3503389,0.08758543
90,0.00301021,0.005382677,0.07005352,0.009942918,0.1225467,0.1225611,0.03501777,0.001200618,0.01713269,0.1752243,0.3503413,0.08758617
91,0.003010189,0.005382685,0.07005336,0.009942971,0.1225467,0.122561,0.03501754,0.001200647,0.01713303,0.1752214,0.3503437,0.08758687
92,0.003010164,0.005382699,0.07005329,0.009943052,0.1225471,0.1225613,0.0350174,0.001200677,0.0171334,0.1752173,0.3503461,0.08758754
93,0.003010134,0.005382718,0.07005329,0.009943159,0.1225479,0.122562,0.03501738,0.001200705,0.01713381,0.1752122,0.3503485,0.08758818
94,0.0030101,0.005382741,0.07005335,0.009943291,0.1225491,0.1225631,0.03501746,0.001200732,0.01713423,0.1752063,0.3503508,0.08758873
95,0.00301006,0.005382768,0.07005349,0.009943445,0.1225506,0.1225646,0.03501765,0.001200757,0.01713466,0.1751997,0.3503531,0.08758923
96,0.003010015,0.0053828,0.07005365,0.009943617,0.1225524,0.1225663,0.03501793,0.001200779,0.01713509,0.1751926,0.3503551,0.08758964
97,0.003009966,0.005382833,0.07005388,0.009943801,0.1225544,0.1225684,0.03501828,0.001200797,0.01713551,0.1751852,0.350357,0.08758997
98,0.003009912,0.005382867,0.07005414,0.009943998,0.1225567,0.1225706,0.03501871,0.001200812,0.01713591,0.1751776,0.3503586,0.08759021
99,0.003009852,0.005382902,0.07005443,0.009944202,0.1225591,0.122573,0.03501921,0.001200822,0.01713629,0.17517,0.35036,0.08759034
100,0.003009786,0.005382935,0.0700547,0.009944404,0.1225616,0.1225754,0.03501973,0.001200827,0.01713662,0.1751627,0.350361,0.08759035
101,0.003009717,0.005382969,0.07005499,0.009944605,0.1225641,0.122578,0.03502028,0.001200828,0.0171369,0.1751558,0.3503616,0.08759026
102,0.003009643,0.005382997,0.07005524,0.009944795,0.1225666,0.1225804,0.03502085,0.001200823,0.01713712,0.1751495,0.3503619,0.08759005
103,0.003009564,0.00538302,0.07005545,0.009944971,0.1225691,0.1225828,0.03502142,0.001200813,0.01713729,0.1751441,0.3503617,0.08758973
104,0.00300948,0.005383038,0.07005563,0.009945132,0.1225714,0.1225851,0.03502196,0.001200799,0.01713738,0.1751397,0.3503611,0.08758931
105,0.003009395,0.005383051,0.07005573,0.009945273,0.1225735,0.1225872,0.03502249,0.001200779,0.01713741,0.1751363,0.3503602,0.08758877
106,0.003009307,0.005383055,0.07005577,0.00994539,0.1225754,0.122589,0.03502299,0.001200755,0.01713737,0.1751341,0.3503587,0.08758814
107,0.003009216,0.005383051,0.07005572,0.009945475,0.1225771,0.1225906,0.03502343,0.001200728,0.01713725,0.1751331,0.3503569,0.08758744
108,0.003009125,0.005383039,0.07005558,0.00994553,0.1225784,0.1225919,0.03502382,0.001200697,0.01713706,0.1751335,0.3503547,0.08758666
109,0.003009035,0.005383017,0.07005534,0.009945557,0.1225795,0.1225929,0.03502414,0.001200664,0.01713681,0.1751351,0.3503521,0.08758584
110,0.003008946,0.005382987,0.07005501,0.00994555,0.1225802,0.1225935,0.03502441,0.001200628,0.0171365,0.1751379,0.3503492,0.08758496
111,0.003008862,0.005382949,0.07005459,0.009945514,0.1225807,0.1225939,0.03502461,0.001200591,0.01713613,0.175142,0.350346,0.08758406
112,0.00300878,0.005382901,0.07005408,0.009945449,0.1225808,0.1225939,0.03502475,0.001200554,0.01713572,0.1751471,0.3503427,0.08758319
113,0.003008706,0.005382847,0.07005347,0.009945356,0.1225806,0.1225937,0.03502484,0.001200517,0.01713527,0.1751532,0.3503392,0.08758229
114,0.003008639,0.005382785,0.0700528,0.00994524,0.1225802,0.1225931,0.03502486,0.001200482,0.0171348,0.17516,0.3503355,0.08758143
115,0.00300858,0.005382718,0.07005206,0.0099451,0.1225795,0.1225923,0.03502483,0.001200448,0.01713431,0.1751675,0.3503319,0.08758061
116,0.003008534,0.005382648,0.07005131,0.009944943,0.1225787,0.1225913,0.03502478,0.001200418,0.01713383,0.1751753,0.3503284,0.08757987
117,0.003008497,0.005382574,0.0700505,0.009944771,0.1225777,0.1225901,0.0350247,0.001200391,0.01713335,0.1751834,0.3503248,0.08757921
118,0.003008473,0.005382498,0.07004968,0.009944592,0.1225765,0.1225888,0.03502459,0.001200369,0.01713288,0.1751913,0.3503216,0.08757862
119,0.003008463,0.005382424,0.07004889,0.009944411,0.1225753,0.1225875,0.03502447,0.001200351,0.01713245,0.1751991,0.3503186,0.08757813
120,0.003008468,0.005382353,0.07004812,0.00994423,0.1225741,0.1225861,0.03502436,0.001200338,0.01713206,0.1752063,0.3503158,0.08757774
121,0.003008489,0.005382286,0.07004743,0.009944058,0.1225729,0.1225847,0.03502427,0.00120033,0.01713172,0.1752129,0.3503135,0.08757748
122,0.003008524,0.005382225,0.0700468,0.009943898,0.1225718,0.1225834,0.0350242,0.001200328,0.01713144,0.1752185,0.3503115,0.0875773
123,0.003008577,0.005382173,0.07004629,0.009943755,0.1225708,0.1225822,0.03502416,0.001200331,0.01713123,0.1752232,0.35031,0.08757728
124,0.003008645,0.005382129,0.07004589,0.009943638,0.12257,0.1225812,0.03502417,0.001200339,0.01713108,0.1752266,0.350309,0.08757737
125,0.003008728,0.005382096,0.07004561,0.009943545,0.1225693,0.1225804,0.03502422,0.001200353,0.01713102,0.1752287,0.3503085,0.08757758
126,0.003008826,0.005382077,0.07004552,0.009943477,0.1225689,0.1225797,0.03502433,0.001200372,0.01713102,0.1752293,0.3503085,0.08757789
127,0.003008937,0.005382069,0.07004558,0.009943441,0.1225687,0.1225793,0.03502449,0.001200394,0.01713109,0.1752286,0.350309,0.08757832
128,0.003009062,0.005382075,0.07004581,0.00994344,0.1225688,0.1225791,0.0350247,0.001200421,0.01713124,0.1752264,0.3503101,0.0875788
129,0.003009197,0.005382095,0.07004622,0.009943469,0.1225691,0.1225792,0.03502497,0.00120045,0.01713145,0.1752228,0.3503116,0.08757941
130,0.003009341,0.005382129,0.0700468,0.009943531,0.1225696,0.1225795,0.03502528,0.001200482,0.01713171,0.1752179,0.3503136,0.08758005
131,0.003009492,0.005382178,0.07004758,0.009943625,0.1225704,0.12258,0.03502564,0.001200515,0.01713203,0.1752118,0.350316,0.08758076
132,0.003009648,0.00538224,0.0700485,0.009943749,0.1225713,0.1225807,0.03502601,0.001200548,0.01713239,0.1752047,0.3503187,0.0875815
133,0.003009806,0.005382314,0.07004958,0.009943899,0.1225724,0.1225816,0.03502641,0.001200582,0.01713279,0.1751967,0.3503218,0.08758224
134,0.003009964,0.005382399,0.07005081,0.009944072,0.1225736,0.1225826,0.03502681,0.001200614,0.01713319,0.1751879,0.3503251,0.087583
135,0.003010118,0.005382492,0.07005215,0.009944261,0.1225748,0.1225836,0.0350272,0.001200645,0.01713361,0.1751788,0.3503286,0.08758372
136,0.003010268,0.005382596,0.07005361,0.009944463,0.1225761,0.1225847,0.03502757,0.001200673,0.01713402,0.1751695,0.3503321,0.08758444
137,0.003010409,0.005382704,0.07005511,0.009944673,0.1225773,0.1225858,0.0350279,0.001200698,0.01713441,0.1751602,0.3503357,0.08758513
138,0.003010541,0.005382817,0.07005668,0.009944885,0.1225785,0.1225867,0.03502818,0.001200719,0.01713477,0.1751513,0.3503392,0.08758574
139,0.003010659,0.005382932,0.07005826,0.009945092,0.1225795,0.1225876,0.03502839,0.001200736,0.01713509,0.1751429,0.3503426,0.08758628
140,0.003010762,0.005383045,0.07005979,0.009945286,0.1225803,0.1225882,0.03502852,0.001200747,0.01713536,0.1751353,0.3503458,0.08758674
141,0.003010849,0.005383156,0.0700613,0.009945467,0.1225809,0.1225887,0.03502856,0.001200755,0.01713558,0.1751288,0.3503488,0.08758713
142,0.003010917,0.005383259,0.07006271,0.009945626,0.1225812,0.1225889,0.03502849,0.001200757,0.01713573,0.1751235,0.3503515,0.08758742
143,0.003010966,0.005383356,0.07006402,0.009945756,0.1225812,0.1225888,0.03502831,0.001200755,0.0171358,0.1751197,0.3503537,0.08758762
144,0.003010993,0.005383443,0.07006518,0.009945855,0.1225809,0.1225883,0.03502802,0.001200748,0.01713581,0.1751174,0.3503556,0.08758773
145,0.003010999,0.005383518,0.07006618,0.009945916,0.1225802,0.1225876,0.0350276,0.001200736,0.01713573,0.1751167,0.3503571,0.08758776
146,0.003010984,0.005383581,0.07006697,0.009945944,0.1225791,0.1225865,0.03502707,0.001200721,0.01713559,0.1751178,0.350358,0.08758768
147,0.003010946,0.005383627,0.07006754,0.009945931,0.1225778,0.122585,0.03502643,0.001200702,0.01713538,0.1751205,0.3503586,0.08758756
148,0.003010889,0.005383658,0.0700679,0.009945874,0.122576,0.1225833,0.03502567,0.001200681,0.0171351,0.1751249,0.3503587,0.08758734
149,0.003010811,0.005383673,0.07006801,0.009945781,0.122574,0.1225813,0.03502483,0.001200658,0.01713477,0.1751308,0.3503583,0.08758709
150,0.003010714,0.005383669,0.07006788,0.009945646,0.1225717,0.1225789,0.0350239,0.001200634,0.01713438,0.1751382,0.3503576,0.08758679
151,0.003010601,0.005383651,0.0700675,0.009945476,0.1225691,0.1225764,0.03502291,0.001200609,0.01713396,0.1751469,0.3503564,0.08758644
152,0.003010473,0.005383615,0.07006689,0.009945277,0.1225664,0.1225737,0.03502187,0.001200585,0.01713352,0.1751567,0.3503549,0.0875861
153,0.003010332,0.005383564,0.07006603,0.009945047,0.1225636,0.1225709,0.03502081,0.001200562,0.01713307,0.1751672,0.3503531,0.08758572
154,0.003010182,0.005383498,0.07006498,0.009944796,0.1225608,0.1225681,0.03501974,0.001200542,0.01713261,0.1751783,0.3503511,0.08758537
155,0.003010024,0.00538342,0.07006374,0.009944528,0.122558,0.1225654,0.03501869,0.001200524,0.01713217,0.1751897,0.3503489,0.08758503
156,0.003009861,0.00538333,0.0700623,0.009944252,0.1225552,0.1225627,0.0350177,0.00120051,0.01713177,0.175201,0.3503466,0.08758471
157,0.003009697,0.00538323,0.07006076,0.009943972,0.1225528,0.1225603,0.03501676,0.0012005,0.0171314,0.175212,0.3503443,0.08758444
158,0.003009534,0.005383125,0.0700591,0.009943697,0.1225505,0.1225581,0.03501593,0.001200494,0.01713109,0.1752223,0.3503419,0.08758421
159,0.003009375,0.005383014,0.07005736,0.009943435,0.1225486,0.1225563,0.03501521,0.001200493,0.01713085,0.1752317,0.3503397,0.08758406
160,0.003009224,0.005382902,0.07005558,0.009943193,0.1225471,0.1225548,0.03501463,0.001200496,0.01713068,0.1752399,0.3503375,0.08758394
161,0.003009081,0.005382789,0.07005379,0.009942972,0.122546,0.1225539,0.03501421,0.001200505,0.01713059,0.1752466,0.3503356,0.08758388
162,0.00300895,0.00538268,0.07005206,0.00994279,0.1225455,0.1225534,0.03501396,0.001200518,0.01713059,0.1752517,0.3503339,0.08758389
163,0.003008832,0.005382576,0.0700504,0.009942641,0.1225456,0.1225535,0.03501388,0.001200536,0.01713068,0.1752549,0.3503325,0.08758396
164,0.00300873,0.00538248,0.07004882,0.009942535,0.1225462,0.1225541,0.03501401,0.001200557,0.01713086,0.1752562,0.3503314,0.08758409
165,0.003008645,0.005382392,0.07004738,0.009942477,0.1225474,0.1225554,0.03501432,0.001200582,0.01713113,0.1752555,0.3503305,0.08758426
166,0.003008577,0.005382318,0.07004611,0.009942465,0.1225491,0.1225572,0.03501484,0.001200609,0.01713149,0.1752528,0.3503301,0.08758447
167,0.003008528,0.005382255,0.07004501,0.009942506,0.1225515,0.1225595,0.03501553,0.001200638,0.01713192,0.175248,0.3503299,0.0875847
168,0.003008497,0.005382207,0.07004414,0.009942593,0.1225544,0.1225624,0.03501641,0.001200668,0.01713243,0.1752413,0.3503301,0.08758495
169,0.003008485,0.005382173,0.07004346,0.009942728,0.1225577,0.1225658,0.03501745,0.001200697,0.01713298,0.1752329,0.3503304,0.0875852
170,0.00300849,0.005382154,0.07004303,0.009942911,0.1225615,0.1225695,0.03501863,0.001200725,0.01713358,0.1752229,0.3503311,0.08758546
171,0.003008513,0.00538215,0.07004281,0.009943133,0.1225657,0.1225736,0.03501994,0.001200752,0.01713421,0.1752116,0.350332,0.08758569
172,0.003008553,0.005382161,0.07004283,0.009943393,0.1225701,0.122578,0.03502135,0.001200776,0.01713484,0.1751992,0.350333,0.08758587
173,0.003008606,0.005382186,0.0700431,0.009943682,0.1225747,0.1225825,0.03502282,0.001200796,0.01713548,0.175186,0.3503342,0.087586
174,0.003008673,0.005382223,0.07004353,0.009943995,0.1225794,0.1225871,0.03502433,0.001200811,0.01713608,0.1751724,0.3503354,0.0875861
175,0.003008749,0.005382271,0.07004417,0.00994432,0.122584,0.1225917,0.03502584,0.00120082,0.01713665,0.1751588,0.3503366,0.08758609
176,0.003008835,0.005382327,0.07004496,0.009944654,0.1225886,0.1225961,0.03502734,0.001200824,0.01713717,0.1751455,0.3503378,0.08758602
177,0.003008928,0.005382393,0.07004593,0.009944988,0.1225928,0.1226002,0.03502878,0.001200822,0.01713762,0.1751328,0.3503388,0.08758587
178,0.003009024,0.005382462,0.07004697,0.009945312,0.1225968,0.122604,0.03503013,0.001200814,0.01713797,0.1751212,0.3503397,0.08758564
179,0.003009124,0.005382536,0.07004812,0.009945617,0.1226003,0.1226074,0.03503136,0.001200798,0.01713824,0.1751109,0.3503403,0.08758532
180,0.003009222,0.005382611,0.07004931,0.009945896,0.1226033,0.1226102,0.03503244,0.001200777,0.0171384,0.1751022,0.3503408,0.08758491
181,0.003009319,0.005382682,0.07005049,0.00994614,0.1226057,0.1226124,0.03503333,0.001200748,0.01713844,0.1750954,0.3503409,0.08758444
182,0.003009413,0.005382751,0.07005168,0.009946343,0.1226074,0.122614,0.03503404,0.001200715,0.01713837,0.1750907,0.3503407,0.08758389
183,0.0030095,0.005382812,0.07005279,0.009946498,0.1226084,0.1226148,0.03503453,0.001200676,0.01713819,0.1750882,0.3503402,0.08758326
184,0.003009582,0.005382867,0.07005385,0.009946601,0.1226087,0.1226149,0.03503481,0.001200634,0.01713788,0.1750882,0.3503394,0.08758262
185,0.003009656,0.005382913,0.07005478,0.009946651,0.1226082,0.1226142,0.03503485,0.001200588,0.01713747,0.1750905,0.3503382,0.08758193
186,0.003009721,0.005382948,0.0700556,0.009946644,0.1226069,0.1226127,0.03503467,0.00120054,0.01713695,0.1750952,0.3503368,0.08758124
187,0.003009777,0.005382969,0.07005626,0.009946575,0.1226048,0.1226105,0.03503424,0.001200491,0.01713634,0.1751022,0.3503352,0.08758054
188,0.003009824,0.00538298,0.07005674,0.009946454,0.1226021,0.1226076,0.0350336,0.001200443,0.01713566,0.1751114,0.3503333,0.08757988
189,0.003009863,0.00538298,0.07005709,0.009946278,0.1225987,0.1226041,0.03503276,0.001200396,0.01713491,0.1751225,0.3503312,0.08757928
190,0.003009892,0.005382965,0.07005724,0.009946053,0.1225947,0.1225999,0.03503172,0.001200352,0.01713412,0.1751353,0.3503291,0.0875787
191,0.003009914,0.005382939,0.07005721,0.009945779,0.1225902,0.1225953,0.03503052,0.001200311,0.0171333,0.1751495,0.3503269,0.08757822
192,0.003009929,0.005382902,0.07005703,0.009945471,0.1225853,0.1225902,0.03502919,0.001200277,0.01713248,0.1751646,0.3503247,0.08757782
193,0.003009937,0.005382855,0.07005669,0.00994513,0.1225801,0.1225849,0.03502775,0.001200248,0.01713167,0.1751805,0.3503228,0.08757757
194,0.003009942,0.005382803,0.07005621,0.00994477,0.1225747,0.1225794,0.03502624,0.001200226,0.01713089,0.1751964,0.3503209,0.08757742
195,0.003009942,0.005382743,0.07005564,0.009944395,0.1225693,0.1225739,0.0350247,0.001200213,0.01713018,0.1752123,0.3503193,0.08757741
196,0.003009941,0.00538268,0.07005496,0.009944017,0.122564,0.1225685,0.03502314,0.001200208,0.01712954,0.1752275,0.350318,0.08757755
197,0.003009939,0.005382616,0.07005425,0.009943647,0.1225588,0.1225633,0.03502162,0.001200212,0.01712899,0.1752416,0.3503172,0.08757784
198,0.003009938,0.005382552,0.07005349,0.009943294,0.122554,0.1225584,0.03502017,0.001200225,0.01712856,0.1752544,0.3503167,0.08757827
199,0.003009938,0.005382493,0.07005274,0.009942969,0.1225495,0.122554,0.03501884,0.001200247,0.01712824,0.1752654,0.3503167,0.08757885
200,0.00300994,0.00538244,0.07005202,0.009942679,0.1225457,0.1225501,0.03501762,0.001200278,0.01712805,0.1752743,0.3503173,0.08757958
201,0.003009946,0.005382394,0.07005136,0.009942432,0.1225425,0.1225469,0.03501657,0.001200317,0.017128,0.1752807,0.3503184,0.08758044
202,0.003009956,0.005382358,0.07005079,0.009942237,0.12254,0.1225444,0.0350157,0.001200364,0.0171281,0.1752847,0.35032,0.08758141
203,0.00300997,0.005382336,0.07005035,0.009942101,0.1225382,0.1225426,0.03501504,0.001200417,0.01712833,0.175286,0.3503222,0.08758248
204,0.003009989,0.005382326,0.07005006,0.009942026,0.1225373,0.1225417,0.03501458,0.001200476,0.0171287,0.1752844,0.3503249,0.08758363
205,0.003010011,0.005382331,0.07004992,0.009942012,0.1225371,0.1225416,0.03501436,0.001200539,0.0171292,0.1752801,0.350328,0.08758481
206,0.003010038,0.005382349,0.07004995,0.009942062,0.1225378,0.1225423,0.03501434,0.001200604,0.01712981,0.1752731,0.3503316,0.08758603
207,0.003010066,0.005382384,0.07005018,0.00994218,0.1225393,0.1225438,0.03501456,0.001200671,0.01713053,0.1752636,0.3503354,0.08758727
208,0.003010098,0.005382436,0.07005059,0.009942361,0.1225416,0.1225462,0.035015,0.001200737,0.01713134,0.1752517,0.3503396,0.08758847
209,0.003010129,0.0053825,0.07005116,0.009942598,0.1225445,0.1225492,0.03501561,0.001200801,0.01713221,0.1752378,0.3503439,0.08758958
210,0.003010159,0.005382577,0.07005192,0.009942887,0.1225481,0.1225528,0.03501641,0.001200861,0.01713312,0.1752221,0.3503483,0.08759064
211,0.003010187,0.005382667,0.07005283,0.009943222,0.1225522,0.122557,0.03501736,0.001200917,0.01713407,0.1752052,0.3503527,0.0875916
212,0.003010209,0.005382765,0.07005386,0.009943592,0.1225568,0.1225616,0.03501843,0.001200966,0.017135,0.1751874,0.350357,0.0875924
213,0.003010227,0.005382872,0.07005502,0.009943991,0.1225616,0.1225665,0.0350196,0.001201006,0.01713591,0.1751692,0.350361,0.08759307
214,0.003010235,0.005382982,0.07005623,0.009944405,0.1225667,0.1225716,0.03502083,0.001201039,0.01713678,0.175151,0.3503647,0.08759355
215,0.003010235,0.005383094,0.07005748,0.009944826,0.1225718,0.1225767,0.03502208,0.001201061,0.01713756,0.1751334,0.3503679,0.08759382
216,0.003010224,0.005383205,0.07005873,0.009945244,0.1225768,0.1225818,0.03502333,0.001201072,0.01713826,0.1751168,0.3503706,0.08759394
217,0.003010201,0.005383311,0.07005997,0.009945642,0.1225815,0.1225866,0.03502453,0.001201073,0.01713884,0.1751017,0.3503727,0.08759382
218,0.003010163,0.005383408,0.07006112,0.009946011,0.122586,0.1225911,0.03502565,0.001201063,0.01713929,0.1750885,0.3503741,0.08759352
219,0.003010113,0.005383497,0.07006216,0.009946344,0.12259,0.1225952,0.03502666,0.001201042,0.0171396,0.1750776,0.3503747,0.087593
220,0.003010047,0.005383569,0.07006305,0.009946627,0.1225935,0.1225987,0.03502753,0.00120101,0.01713976,0.1750693,0.3503746,0.08759229
221,0.003009968,0.005383627,0.07006375,0.009946855,0.1225963,0.1226016,0.03502826,0.001200968,0.01713976,0.1750639,0.3503737,0.08759139
222,0.003009874,0.005383664,0.07006421,0.009947018,0.1225984,0.1226037,0.03502879,0.001200917,0.0171396,0.1750615,0.3503719,0.08759032
223,0.003009767,0.005383682,0.07006444,0.009947112,0.1225998,0.1226051,0.03502914,0.001200859,0.01713928,0.1750624,0.3503694,0.08758913
224,0.003009649,0.005383678,0.07006441,0.009947134,0.1226003,0.1226057,0.03502928,0.001200795,0.01713882,0.1750663,0.3503661,0.0875878
225,0.00300952,0.005383652,0.07006408,0.009947085,0.1226001,0.1226055,0.03502923,0.001200725,0.01713822,0.1750734,0.3503621,0.08758641
226,0.003009383,0.005383601,0.07006347,0.009946959,0.1225991,0.1226045,0.03502897,0.001200653,0.01713749,0.1750834,0.3503575,0.08758494
227,0.00300924,0.005383529,0.07006259,0.009946762,0.1225974,0.1226028,0.03502853,0.001200579,0.01713666,0.1750962,0.3503523,0.08758345
228,0.003009093,0.005383434,0.07006142,0.009946498,0.1225949,0.1226003,0.03502791,0.001200505,0.01713575,0.1751114,0.3503468,0.08758197
229,0.003008947,0.005383319,0.07006001,0.009946174,0.1225919,0.1225973,0.03502715,0.001200434,0.01713477,0.1751286,0.3503409,0.08758053
230,0.003008804,0.005383185,0.07005835,0.009945794,0.1225883,0.1225937,0.03502626,0.001200366,0.01713377,0.1751474,0.3503349,0.08757918
231,0.003008667,0.005383037,0.07005649,0.009945374,0.1225844,0.1225897,0.03502527,0.001200305,0.01713275,0.1751674,0.3503287,0.08757792
232,0.00300854,0.005382875,0.07005445,0.009944919,0.1225801,0.1225855,0.03502422,0.001200251,0.01713175,0.1751879,0.3503227,0.08757679
233,0.003008425,0.005382706,0.07005228,0.009944445,0.1225757,0.122581,0.03502314,0.001200206,0.0171308,0.1752086,0.3503169,0.08757585
234,0.003008327,0.005382531,0.07005005,0.009943963,0.1225712,0.1225765,0.03502208,0.001200171,0.01712992,0.1752287,0.3503115,0.08757508
235,0.003008246,0.005382355,0.07004781,0.009943484,0.1225669,0.1225722,0.03502105,0.001200147,0.01712914,0.1752477,0.3503065,0.0875745
236,0.003008188,0.005382183,0.07004558,0.009943025,0.1225628,0.122568,0.0350201,0.001200134,0.01712848,0.1752651,0.3503022,0.08757415
237,0.003008153,0.005382018,0.07004343,0.009942595,0.1225591,0.1225642,0.03501927,0.001200133,0.01712796,0.1752805,0.3502986,0.08757401
238,0.003008144,0.005381865,0.07004143,0.009942208,0.1225558,0.1225609,0.03501858,0.001200144,0.01712758,0.1752933,0.3502958,0.08757413
239,0.00300816,0.005381726,0.07003964,0.009941876,0.1225532,0.1225582,0.03501807,0.001200167,0.01712738,0.1753032,0.350294,0.08757443
240,0.003008205,0.005381609,0.07003809,0.009941608,0.1225512,0.1225562,0.03501774,0.0012002,0.01712734,0.1753099,0.350293,0.08757497
241,0.003008277,0.005381511,0.0700368,0.009941413,0.12255,0.1225549,0.03501762,0.001200244,0.01712749,0.1753131,0.3502929,0.0875757
242,0.003008375,0.00538144,0.07003585,0.009941295,0.1225496,0.1225544,0.03501773,0.001200297,0.0171278,0.1753127,0.3502939,0.08757659
243,0.0030085,0.005381398,0.07003527,0.009941262,0.1225501,0.1225547,0.03501806,0.001200358,0.01712829,0.1753087,0.3502958,0.08757768
244,0.003008649,0.005381383,0.07003506,0.009941314,0.1225513,0.1225558,0.03501861,0.001200425,0.01712892,0.1753011,0.3502986,0.08757888
245,0.00300882,0.005381399,0.07003526,0.009941454,0.1225533,0.1225577,0.03501937,0.001200495,0.0171297,0.17529,0.3503022,0.0875802
246,0.003009009,0.005381446,0.07003585,0.009941676,0.1225561,0.1225604,0.03502032,0.001200569,0.01713059,0.1752758,0.3503067,0.08758157
247,0.003009215,0.005381521,0.07003686,0.009941976,0.1225596,0.1225637,0.03502145,0.001200642,0.01713159,0.1752588,0.3503117,0.08758298
248,0.003009432,0.005381625,0.07003823,0.009942348,0.1225636,0.1225676,0.03502273,0.001200714,0.01713265,0.1752392,0.3503174,0.08758438
249,0.003009657,0.005381756,0.07003999,0.009942785,0.1225682,0.122572,0.03502412,0.001200783,0.01713376,0.1752178,0.3503234,0.08758576
250,0.003009886,0.00538191,0.07004204,0.009943273,0.122573,0.1225767,0.03502557,0.001200846,0.01713487,0.175195,0.3503298,0.08758706
251,0.003010112,0.005382084,0.0700444,0.009943797,0.1225781,0.1225817,0.03502707,0.001200902,0.01713596,0.1751715,0.3503362,0.08758824
252,0.003010333,0.005382276,0.07004701,0.009944354,0.1225832,0.1225867,0.03502855,0.00120095,0.01713702,0.1751477,0.3503426,0.08758929
253,0.003010542,0.005382479,0.07004976,0.009944919,0.1225883,0.1225916,0.03502997,0.001200987,0.01713798,0.1751245,0.3503487,0.0875902
254,0.003010738,0.005382691,0.07005266,0.009945483,0.1225931,0.1225963,0.03503131,0.001201013,0.01713885,0.1751024,0.3503546,0.08759094
255,0.003010912,0.005382902,0.07005559,0.009946026,0.1225974,0.1226005,0.03503248,0.001201027,0.01713957,0.175082,0.35036,0.08759145
256,0.003011064,0.005383113,0.07005852,0.009946536,0.1226013,0.1226043,0.03503349,0.001201029,0.01714015,0.175064,0.3503648,0.08759176
257,0.003011187,0.005383315,0.07006136,0.009947001,0.1226044,0.1226073,0.03503427,0.001201018,0.01714055,0.1750488,0.3503689,0.08759184
258,0.003011282,0.005383504,0.07006403,0.009947402,0.1226068,0.1226096,0.0350348,0.001200995,0.01714076,0.175037,0.3503721,0.08759174
259,0.003011344,0.005383676,0.0700665,0.009947728,0.1226083,0.122611,0.03503506,0.001200961,0.01714078,0.1750288,0.3503744,0.08759141
260,0.003011373,0.005383827,0.07006868,0.009947975,0.1226088,0.1226115,0.03503502,0.001200915,0.0171406,0.1750247,0.3503758,0.08759087
261,0.003011367,0.005383951,0.07007053,0.009948127,0.1226082,0.1226109,0.03503468,0.00120086,0.01714022,0.1750247,0.3503762,0.08759019
262,0.003011327,0.005384048,0.070072,0.009948185,0.1226067,0.1226094,0.03503402,0.001200797,0.01713965,0.1750289,0.3503757,0.08758931
263,0.003011252,0.005384113,0.07007304,0.009948139,0.1226041,0.1226068,0.03503306,0.001200728,0.01713891,0.1750374,0.3503741,0.08758832
264,0.003011146,0.005384145,0.07007363,0.009947993,0.1226006,0.1226033,0.03503181,0.001200654,0.017138,0.1750499,0.3503717,0.08758722
265,0.003011008,0.005384143,0.07007374,0.00994775,0.1225961,0.1225989,0.0350303,0.001200578,0.01713696,0.1750661,0.3503685,0.08758605
266,0.003010844,0.005384106,0.07007339,0.009947408,0.1225908,0.1225936,0.03502854,0.001200502,0.0171358,0.1750857,0.3503644,0.08758484
267,0.003010656,0.005384038,0.07007257,0.009946984,0.1225847,0.1225877,0.03502659,0.001200428,0.01713456,0.1751082,0.3503599,0.08758366
268,0.003010447,0.005383938,0.0700713,0.009946483,0.1225782,0.1225812,0.03502448,0.001200359,0.01713328,0.1751331,0.3503548,0.08758251
269,0.003010223,0.005383808,0.0700696,0.009945916,0.1225712,0.1225743,0.03502225,0.001200295,0.01713198,0.1751597,0.3503493,0.08758143
270,0.003009989,0.005383653,0.07006752,0.009945298,0.1225639,0.1225672,0.03501997,0.00120024,0.0171307,0.1751874,0.3503436,0.08758043
271,0.00300975,0.005383475,0.07006512,0.009944647,0.1225567,0.1225601,0.0350177,0.001200195,0.01712948,0.1752154,0.3503379,0.08757962
272,0.00300951,0.005383281,0.07006241,0.009943977,0.1225496,0.1225531,0.03501548,0.001200161,0.01712835,0.1752429,0.3503323,0.08757894
273,0.003009275,0.005383073,0.07005952,0.009943309,0.1225428,0.1225465,0.03501338,0.00120014,0.01712736,0.1752692,0.350327,0.08757845
274,0.00300905,0.005382857,0.07005648,0.009942655,0.1225366,0.1225404,0.03501145,0.001200132,0.01712651,0.1752936,0.3503221,0.08757816
275,0.003008842,0.00538264,0.07005337,0.00994204,0.1225311,0.1225351,0.03500975,0.001200138,0.01712584,0.1753154,0.3503177,0.08757807
276,0.003008652,0.005382427,0.07005027,0.009941481,0.1225265,0.1225306,0.03500833,0.001200159,0.01712538,0.175334,0.3503141,0.08757821
277,0.003008485,0.005382223,0.07004724,0.009940984,0.1225229,0.1225272,0.03500722,0.001200193,0.01712514,0.1753487,0.3503112,0.08757857
278,0.003008345,0.005382033,0.0700444,0.009940574,0.1225205,0.1225249,0.03500647,0.00120024,0.01712512,0.1753592,0.3503091,0.08757912
279,0.003008235,0.005381863,0.07004179,0.009940256,0.1225193,0.1225239,0.0350061,0.001200299,0.01712535,0.1753651,0.350308,0.08757985
280,0.003008157,0.005381717,0.07003947,0.009940045,0.1225195,0.1225241,0.03500614,0.001200368,0.0171258,0.1753661,0.3503078,0.08758077
281,0.003008111,0.005381599,0.07003752,0.009939945,0.122521,0.1225258,0.03500658,0.001200446,0.01712648,0.1753621,0.3503085,0.08758183
282,0.003008099,0.005381512,0.07003598,0.009939967,0.1225239,0.1225287,0.03500742,0.001200531,0.01712738,0.1753532,0.3503103,0.087583
283,0.003008119,0.005381458,0.07003488,0.009940105,0.1225281,0.122533,0.03500868,0.001200621,0.01712847,0.1753395,0.3503129,0.08758425
284,0.003008171,0.005381438,0.07003424,0.009940361,0.1225336,0.1225385,0.03501031,0.001200712,0.01712972,0.1753213,0.3503162,0.08758555
285,0.003008252,0.005381452,0.07003408,0.009940728,0.1225401,0.1225451,0.03501228,0.001200803,0.0171311,0.175299,0.3503202,0.08758683
286,0.00300836,0.005381502,0.07003443,0.009941197,0.1225477,0.1225526,0.03501455,0.001200891,0.0171326,0.1752731,0.3503249,0.08758806
287,0.003008492,0.005381585,0.07003526,0.00994176,0.1225561,0.122561,0.03501708,0.001200973,0.01713415,0.1752443,0.3503299,0.08758924
288,0.003008642,0.005381699,0.07003653,0.009942407,0.1225652,0.1225701,0.0350198,0.001201047,0.01713573,0.1752133,0.3503353,0.08759029
289,0.003008809,0.005381838,0.07003821,0.009943113,0.1225747,0.1225795,0.03502267,0.00120111,0.01713728,0.1751809,0.3503407,0.08759119
290,0.003008986,0.005382004,0.07004029,0.009943868,0.1225843,0.1225891,0.0350256,0.001201161,0.01713878,0.1751479,0.3503461,0.0875919
291,0.003009169,0.005382188,0.07004266,0.009944648,0.1225939,0.1225986,0.03502851,0.001201198,0.01714016,0.1751151,0.3503514,0.08759238
292,0.003009353,0.005382386,0.0700453,0.009945435,0.1226033,0.1226078,0.03503137,0.00120122,0.01714142,0.1750836,0.3503562,0.08759265
