EwEVersion,"6.6.7.17812 (compiled 28/02/2022)"
Date,"26/02/2023 11:47:51 AM"
ModelName,CS_model_V1_110722
EcosimScenario,"New Ecosim scenario"
TimeSeries,(none)
StartYear,2020

Data,"Prey of Corals"

timestep\group,Zooplankton,"Planktotrophic Larvae",Phytoplankton,Detritus,
1,0.1086854,0.01186636,0.7607784,0.1186697
2,0.1086843,0.0118656,0.7607748,0.1186752
3,0.1086832,0.01186569,0.7607737,0.1186774
4,0.1086818,0.0118659,0.7607729,0.1186794
5,0.1086804,0.01186617,0.7607722,0.1186812
6,0.1086792,0.0118665,0.7607716,0.1186827
7,0.1086782,0.01186686,0.7607712,0.1186838
8,0.1086775,0.01186725,0.7607706,0.1186846
9,0.1086771,0.01186765,0.76077,0.1186853
10,0.108677,0.01186804,0.7607691,0.1186858
11,0.1086772,0.01186843,0.7607684,0.1186861
12,0.1086775,0.01186879,0.7607674,0.1186862
13,0.1086781,0.01186912,0.7607666,0.1186862
14,0.1086789,0.01186942,0.7607658,0.118686
15,0.1086797,0.01186966,0.7607648,0.1186857
16,0.1086807,0.01186986,0.7607641,0.1186853
17,0.1086818,0.01187001,0.7607635,0.1186848
18,0.108683,0.01187011,0.7607628,0.1186841
19,0.1086843,0.01187014,0.7607622,0.1186834
20,0.1086856,0.01187012,0.7607617,0.1186826
21,0.108687,0.01187006,0.7607612,0.1186817
22,0.1086886,0.01186993,0.7607607,0.1186808
23,0.1086902,0.01186976,0.7607601,0.1186799
24,0.1086918,0.01186955,0.7607597,0.118679
25,0.1086935,0.01186929,0.7607593,0.118678
26,0.1086953,0.011869,0.7607587,0.118677
27,0.1086971,0.01186867,0.7607581,0.1186761
28,0.1086989,0.01186832,0.7607576,0.1186752
29,0.1087008,0.01186794,0.7607569,0.1186744
30,0.1087026,0.01186756,0.7607562,0.1186736
31,0.1087045,0.01186715,0.7607554,0.118673
32,0.1087063,0.01186675,0.7607545,0.1186724
33,0.1087081,0.01186634,0.7607536,0.1186719
34,0.1087098,0.01186594,0.7607527,0.1186715
35,0.1087115,0.01186555,0.7607518,0.1186713
36,0.1087129,0.01186518,0.7607508,0.1186711
37,0.1087143,0.01186482,0.7607497,0.118671
38,0.1087156,0.01186449,0.7607488,0.1186711
39,0.1087167,0.01186419,0.7607478,0.1186713
40,0.1087177,0.01186392,0.760747,0.1186715
41,0.1087183,0.01186368,0.7607461,0.1186718
42,0.1087189,0.01186349,0.7607454,0.1186723
43,0.1087191,0.01186333,0.7607448,0.1186728
44,0.1087192,0.01186321,0.7607442,0.1186734
45,0.108719,0.01186315,0.7607439,0.118674
46,0.1087185,0.01186312,0.7607437,0.1186747
47,0.1087178,0.01186314,0.7607437,0.1186753
48,0.1087169,0.01186321,0.7607439,0.118676
49,0.1087157,0.01186332,0.7607442,0.1186767
50,0.1087144,0.01186347,0.7607448,0.1186775
51,0.1087128,0.01186367,0.7607453,0.1186782
52,0.1087111,0.01186391,0.7607462,0.1186789
53,0.1087091,0.01186418,0.7607471,0.1186795
54,0.1087071,0.01186449,0.7607483,0.1186801
55,0.1087049,0.01186483,0.7607495,0.1186807
56,0.1087027,0.0118652,0.7607509,0.1186813
57,0.1087004,0.0118656,0.7607522,0.1186818
58,0.1086981,0.01186601,0.7607536,0.1186823
59,0.1086958,0.01186643,0.7607551,0.1186827
60,0.1086935,0.01186686,0.7607564,0.1186831
61,0.1086913,0.0118673,0.7607579,0.1186835
62,0.1086893,0.01186773,0.7607591,0.1186839
63,0.1086873,0.01186816,0.7607604,0.1186841
64,0.1086855,0.01186857,0.7607615,0.1186844
65,0.1086839,0.01186896,0.7607625,0.1186846
66,0.1086825,0.01186933,0.7607634,0.1186848
67,0.1086813,0.01186967,0.7607641,0.118685
68,0.1086803,0.01186998,0.7607647,0.1186851
69,0.1086796,0.01187025,0.7607648,0.1186851
70,0.1086792,0.01187047,0.760765,0.1186853
71,0.108679,0.01187065,0.760765,0.1186853
72,0.1086791,0.01187079,0.7607647,0.1186853
73,0.1086795,0.01187087,0.7607643,0.1186853
74,0.1086801,0.0118709,0.7607637,0.1186853
75,0.1086809,0.01187088,0.760763,0.1186852
76,0.108682,0.01187081,0.7607622,0.1186851
77,0.1086833,0.01187069,0.7607611,0.1186849
78,0.1086847,0.01187052,0.7607601,0.1186847
79,0.1086864,0.0118703,0.7607589,0.1186844
80,0.1086882,0.01187004,0.7607577,0.1186841
81,0.1086901,0.01186973,0.7607565,0.1186836
82,0.1086921,0.01186939,0.7607554,0.1186831
83,0.1086942,0.01186902,0.7607542,0.1186825
84,0.1086963,0.01186862,0.7607531,0.118682
85,0.1086985,0.0118682,0.7607521,0.1186813
86,0.1087006,0.01186776,0.7607512,0.1186804
87,0.1087027,0.01186731,0.7607505,0.1186796
88,0.1087047,0.01186686,0.7607498,0.1186787
89,0.1087066,0.01186641,0.7607493,0.1186777
90,0.1087084,0.01186597,0.760749,0.1186767
91,0.1087101,0.01186555,0.7607488,0.1186756
92,0.1087115,0.01186514,0.7607488,0.1186745
93,0.1087129,0.01186476,0.7607489,0.1186735
94,0.1087141,0.01186441,0.7607492,0.1186724
95,0.108715,0.0118641,0.7607495,0.1186713
96,0.1087158,0.01186383,0.7607501,0.1186703
97,0.1087164,0.0118636,0.7607507,0.1186694
98,0.1087168,0.01186341,0.7607513,0.1186685
99,0.1087169,0.01186328,0.7607521,0.1186677
100,0.1087169,0.01186318,0.7607528,0.1186671
101,0.1087167,0.01186315,0.7607536,0.1186665
102,0.1087163,0.01186316,0.7607543,0.1186662
103,0.1087157,0.01186321,0.7607552,0.1186659
104,0.1087149,0.01186332,0.7607558,0.118666
105,0.108714,0.01186347,0.7607566,0.118666
106,0.1087129,0.01186366,0.7607571,0.1186663
107,0.1087117,0.0118639,0.7607576,0.1186668
108,0.1087103,0.01186417,0.760758,0.1186675
109,0.1087089,0.01186447,0.7607583,0.1186683
110,0.1087073,0.0118648,0.7607586,0.1186692
111,0.1087057,0.01186516,0.7607586,0.1186704
112,0.108704,0.01186553,0.7607588,0.1186717
113,0.1087022,0.01186592,0.7607588,0.1186731
114,0.1087005,0.01186632,0.7607587,0.1186745
115,0.1086986,0.01186672,0.7607585,0.1186761
116,0.1086968,0.01186712,0.7607583,0.1186778
117,0.108695,0.01186751,0.7607582,0.1186793
118,0.1086932,0.01186791,0.760758,0.118681
119,0.1086914,0.01186828,0.7607577,0.1186826
120,0.1086897,0.01186864,0.7607576,0.118684
121,0.108688,0.01186898,0.7607574,0.1186855
122,0.1086865,0.01186929,0.7607573,0.1186869
123,0.108685,0.01186958,0.7607574,0.1186881
124,0.1086836,0.01186984,0.7607575,0.1186891
125,0.1086824,0.01187007,0.7607576,0.11869
126,0.1086812,0.01187027,0.7607579,0.1186906
127,0.1086802,0.01187043,0.7607582,0.1186912
128,0.1086793,0.01187056,0.7607587,0.1186915
129,0.1086786,0.01187066,0.7607592,0.1186916
130,0.1086781,0.01187072,0.7607598,0.1186914
131,0.1086777,0.01187075,0.7607603,0.1186911
132,0.1086776,0.01187074,0.760761,0.1186906
133,0.1086777,0.0118707,0.7607617,0.1186899
134,0.1086779,0.01187063,0.7607625,0.118689
135,0.1086784,0.01187053,0.760763,0.118688
136,0.108679,0.0118704,0.7607638,0.1186868
137,0.1086799,0.01187025,0.7607642,0.1186856
138,0.108681,0.01187006,0.7607646,0.1186843
139,0.1086822,0.01186985,0.760765,0.118683
140,0.1086836,0.01186961,0.7607651,0.1186816
141,0.1086852,0.01186936,0.7607652,0.1186802
142,0.108687,0.01186909,0.760765,0.118679
143,0.1086889,0.0118688,0.7607647,0.1186776
144,0.108691,0.0118685,0.7607641,0.1186764
145,0.1086931,0.01186817,0.7607633,0.1186754
146,0.1086953,0.01186785,0.7607625,0.1186744
147,0.1086976,0.01186752,0.7607614,0.1186736
148,0.1086998,0.01186717,0.7607601,0.1186729
149,0.1087021,0.01186684,0.7607588,0.1186724
150,0.1087042,0.0118665,0.7607573,0.1186719
151,0.1087064,0.01186617,0.7607557,0.1186717
152,0.1087084,0.01186585,0.7607541,0.1186716
153,0.1087102,0.01186554,0.7607526,0.1186717
154,0.108712,0.01186524,0.7607509,0.1186719
155,0.1087135,0.01186496,0.7607493,0.1186722
156,0.1087147,0.01186471,0.7607479,0.1186726
157,0.1087158,0.01186448,0.7607465,0.1186731
158,0.1087166,0.01186427,0.7607454,0.1186737
159,0.1087171,0.01186411,0.7607445,0.1186743
160,0.1087173,0.01186397,0.7607437,0.118675
161,0.1087172,0.01186388,0.7607433,0.1186757
162,0.1087168,0.01186382,0.760743,0.1186764
163,0.1087162,0.01186381,0.7607431,0.118677
164,0.1087151,0.01186383,0.7607435,0.1186775
165,0.1087139,0.01186391,0.7607442,0.118678
166,0.1087123,0.01186402,0.760745,0.1186785
167,0.1087105,0.01186419,0.7607464,0.1186789
168,0.1087085,0.01186439,0.7607479,0.1186792
169,0.1087063,0.01186464,0.7607496,0.1186794
170,0.108704,0.01186493,0.7607516,0.1186795
171,0.1087014,0.01186526,0.7607536,0.1186796
172,0.1086988,0.01186561,0.7607559,0.1186796
173,0.1086962,0.01186601,0.7607583,0.1186795
174,0.1086935,0.01186643,0.7607605,0.1186794
175,0.1086909,0.01186686,0.7607629,0.1186793
176,0.1086883,0.01186732,0.7607652,0.1186792
177,0.1086859,0.01186778,0.7607673,0.118679
178,0.1086836,0.01186825,0.7607693,0.1186789
179,0.1086814,0.01186872,0.760771,0.1186789
180,0.1086795,0.01186918,0.7607725,0.1186788
181,0.1086778,0.01186962,0.7607738,0.1186789
182,0.1086764,0.01187003,0.7607747,0.1186789
183,0.1086752,0.01187042,0.7607752,0.1186792
184,0.1086743,0.01187077,0.7607754,0.1186794
185,0.1086738,0.01187108,0.7607754,0.1186798
186,0.1086735,0.01187135,0.7607749,0.1186802
187,0.1086736,0.01187156,0.760774,0.1186808
188,0.1086739,0.01187172,0.7607729,0.1186814
189,0.1086746,0.01187182,0.7607715,0.1186821
190,0.1086755,0.01187187,0.7607698,0.1186828
191,0.1086767,0.01187185,0.7607679,0.1186836
192,0.1086781,0.01187177,0.7607659,0.1186844
193,0.1086796,0.01187163,0.7607636,0.1186852
194,0.1086814,0.01187144,0.7607613,0.1186859
195,0.1086833,0.01187119,0.7607589,0.1186866
196,0.1086854,0.01187089,0.7607566,0.1186871
197,0.1086874,0.01187054,0.7607545,0.1186876
198,0.1086895,0.01187015,0.7607523,0.118688
199,0.1086916,0.01186972,0.7607505,0.1186882
200,0.1086937,0.01186927,0.7607488,0.1186882
201,0.1086957,0.01186879,0.7607474,0.118688
202,0.1086977,0.0118683,0.7607463,0.1186877
203,0.1086995,0.0118678,0.7607455,0.1186872
204,0.1087012,0.01186731,0.760745,0.1186865
205,0.1087027,0.01186682,0.7607449,0.1186855
206,0.1087041,0.01186635,0.7607451,0.1186844
207,0.1087054,0.0118659,0.7607456,0.1186832
208,0.1087064,0.01186549,0.7607464,0.1186818
209,0.1087072,0.0118651,0.7607476,0.1186802
210,0.1087078,0.01186476,0.7607489,0.1186785
211,0.1087083,0.01186447,0.7607504,0.1186769
212,0.1087086,0.01186423,0.7607521,0.1186752
213,0.1087087,0.01186404,0.7607539,0.1186734
214,0.1087086,0.0118639,0.7607557,0.1186718
215,0.1087084,0.01186382,0.7607576,0.1186702
216,0.1087081,0.0118638,0.7607593,0.1186688
217,0.1087077,0.01186382,0.760761,0.1186675
218,0.1087072,0.0118639,0.7607626,0.1186664
219,0.1087065,0.01186403,0.7607638,0.1186656
220,0.1087058,0.01186421,0.760765,0.118665
221,0.1087051,0.01186443,0.7607658,0.1186647
222,0.1087043,0.01186468,0.7607664,0.1186646
223,0.1087036,0.01186496,0.7607666,0.1186649
224,0.1087027,0.01186528,0.7607665,0.1186655
225,0.1087019,0.01186561,0.7607661,0.1186664
226,0.108701,0.01186596,0.7607656,0.1186676
227,0.1087001,0.01186631,0.7607646,0.118669
228,0.1086992,0.01186667,0.7607635,0.1186706
229,0.1086982,0.01186702,0.7607622,0.1186725
230,0.1086973,0.01186737,0.7607607,0.1186746
231,0.1086964,0.01186771,0.7607591,0.1186768
232,0.1086954,0.01186803,0.7607575,0.1186791
233,0.1086944,0.01186833,0.7607559,0.1186813
234,0.1086934,0.01186861,0.7607543,0.1186837
235,0.1086923,0.01186886,0.7607529,0.1186859
236,0.1086912,0.0118691,0.7607517,0.118688
237,0.1086901,0.0118693,0.7607507,0.11869
238,0.108689,0.01186947,0.7607498,0.1186917
239,0.1086878,0.01186963,0.7607493,0.1186932
240,0.1086866,0.01186975,0.7607491,0.1186945
241,0.1086854,0.01186985,0.7607493,0.1186954
242,0.1086842,0.01186993,0.7607498,0.118696
243,0.1086831,0.01186998,0.7607507,0.1186963
244,0.108682,0.01187002,0.7607518,0.1186962
245,0.1086809,0.01187003,0.7607533,0.1186958
246,0.1086799,0.01187003,0.760755,0.118695
247,0.108679,0.01187002,0.760757,0.118694
248,0.1086783,0.01186999,0.7607592,0.1186926
249,0.1086777,0.01186995,0.7607614,0.1186909
250,0.1086772,0.0118699,0.7607637,0.1186891
251,0.108677,0.01186984,0.7607661,0.1186871
252,0.108677,0.01186977,0.7607683,0.1186849
253,0.1086772,0.0118697,0.7607704,0.1186827
254,0.1086776,0.01186961,0.7607724,0.1186804
255,0.1086783,0.01186952,0.7607741,0.1186781
256,0.1086792,0.01186941,0.7607754,0.118676
257,0.1086804,0.01186929,0.7607763,0.118674
258,0.1086819,0.01186916,0.7607769,0.1186721
259,0.1086836,0.01186901,0.7607769,0.1186705
260,0.1086855,0.01186885,0.7607765,0.1186691
261,0.1086877,0.01186867,0.7607756,0.118668
262,0.10869,0.01186848,0.7607743,0.1186672
263,0.1086925,0.01186827,0.7607726,0.1186668
264,0.108695,0.01186804,0.7607703,0.1186666
265,0.1086977,0.01186779,0.7607676,0.1186668
266,0.1087005,0.01186753,0.7607647,0.1186673
267,0.1087031,0.01186726,0.7607615,0.1186681
268,0.1087057,0.01186697,0.7607582,0.1186692
269,0.1087083,0.01186667,0.7607546,0.1186705
270,0.1087106,0.01186636,0.7607509,0.118672
271,0.1087127,0.01186605,0.7607476,0.1186736
272,0.1087146,0.01186574,0.7607442,0.1186754
273,0.1087162,0.01186544,0.7607412,0.1186772
274,0.1087175,0.01186515,0.7607383,0.118679
275,0.1087184,0.01186487,0.760736,0.1186807
276,0.1087189,0.01186462,0.7607341,0.1186823
277,0.1087191,0.0118644,0.7607328,0.1186838
278,0.1087188,0.0118642,0.760732,0.1186851
279,0.1087181,0.01186405,0.7607318,0.1186861
280,0.1087169,0.01186395,0.7607322,0.1186869
281,0.1087154,0.01186389,0.7607333,0.1186874
282,0.1087135,0.01186389,0.760735,0.1186876
283,0.1087113,0.01186394,0.7607372,0.1186875
284,0.1087087,0.01186405,0.7607401,0.1186871
285,0.108706,0.01186422,0.7607434,0.1186864
286,0.1087029,0.01186445,0.7607471,0.1186855
287,0.1086997,0.01186474,0.7607512,0.1186844
288,0.1086964,0.01186508,0.7607555,0.118683
289,0.1086931,0.01186548,0.7607599,0.1186816
290,0.1086897,0.01186593,0.7607644,0.11868
291,0.1086865,0.01186641,0.7607688,0.1186783
292,0.1086834,0.01186693,0.7607729,0.1186767
293,0.1086804,0.01186748,0.7607769,0.1186752
294,0.1086778,0.01186804,0.7607805,0.1186738
295,0.1086754,0.01186862,0.7607836,0.1186725
296,0.1086733,0.01186919,0.7607861,0.1186714
297,0.1086717,0.01186975,0.7607879,0.1186707
298,0.1086704,0.01187029,0.7607891,0.1186702
299,0.1086696,0.01187079,0.7607895,0.11867
300,0.1086692,0.01187125,0.7607893,0.1186702
301,0.1086693,0.01187167,0.7607883,0.1186707
302,0.1086698,0.01187202,0.7607866,0.1186716
303,0.1086707,0.0118723,0.7607841,0.1186728
304,0.108672,0.01187251,0.7607812,0.1186743
305,0.1086737,0.01187264,0.7607776,0.1186761
306,0.1086756,0.01187269,0.7607736,0.1186781
307,0.1086778,0.01187266,0.7607692,0.1186802
308,0.1086802,0.01187254,0.7607646,0.1186826
309,0.1086828,0.01187234,0.7607598,0.1186849
310,0.1086856,0.01187206,0.7607551,0.1186873
311,0.1086883,0.0118717,0.7607504,0.1186896
312,0.108691,0.01187127,0.7607459,0.1186918
313,0.1086937,0.01187079,0.7607418,0.1186937
314,0.1086962,0.01187025,0.7607382,0.1186954
315,0.1086986,0.01186967,0.760735,0.1186967
316,0.1087007,0.01186906,0.7607325,0.1186977
317,0.1087026,0.01186842,0.7607307,0.1186982
318,0.1087042,0.01186778,0.7607297,0.1186983
319,0.1087056,0.01186715,0.7607294,0.1186979
320,0.1087066,0.01186654,0.7607299,0.118697
321,0.1087073,0.01186595,0.7607311,0.1186957
322,0.1087076,0.0118654,0.7607331,0.1186939
323,0.1087077,0.0118649,0.7607358,0.1186916
324,0.1087075,0.01186446,0.7607391,0.118689
325,0.108707,0.01186408,0.7607428,0.1186861
326,0.1087063,0.01186378,0.7607471,0.1186828
327,0.1087054,0.01186355,0.7607517,0.1186794
328,0.1087044,0.0118634,0.7607564,0.1186758
329,0.1087032,0.01186334,0.7607611,0.1186723
330,0.108702,0.01186335,0.7607659,0.1186687
331,0.1087008,0.01186344,0.7607704,0.1186654
332,0.1086996,0.01186361,0.7607746,0.1186622
333,0.1086985,0.01186384,0.7607782,0.1186594
334,0.1086975,0.01186413,0.7607814,0.118657
335,0.1086966,0.01186447,0.7607839,0.118655
336,0.1086958,0.01186486,0.7607856,0.1186537
337,0.1086953,0.01186528,0.7607865,0.1186528
338,0.1086949,0.01186573,0.7607867,0.1186526
339,0.1086948,0.01186619,0.760786,0.118653
340,0.1086948,0.01186665,0.7607844,0.118654
341,0.108695,0.0118671,0.7607822,0.1186557
342,0.1086953,0.01186754,0.7607793,0.118658
343,0.1086957,0.01186795,0.7607756,0.1186608
344,0.1086963,0.01186832,0.7607713,0.1186641
345,0.1086969,0.01186866,0.7607667,0.1186677
346,0.1086975,0.01186894,0.7607617,0.1186718
347,0.1086981,0.01186918,0.7607566,0.1186761
348,0.1086987,0.01186936,0.7607514,0.1186805
349,0.1086991,0.01186949,0.7607465,0.118685
350,0.1086994,0.01186957,0.7607417,0.1186894
351,0.1086995,0.0118696,0.7607373,0.1186936
352,0.1086994,0.01186958,0.7607336,0.1186975
353,0.108699,0.01186952,0.7607304,0.1187011
354,0.1086984,0.01186942,0.760728,0.1187042
355,0.1086975,0.0118693,0.7607266,0.1187067
356,0.1086963,0.01186915,0.760726,0.1187086
357,0.1086949,0.01186899,0.7607263,0.1187098
358,0.1086932,0.01186883,0.7607277,0.1187103
359,0.1086913,0.01186867,0.76073,0.1187101
360,0.1086893,0.01186852,0.7607331,0.1187091
361,0.1086871,0.01186838,0.7607372,0.1187074
362,0.1086847,0.01186827,0.7607419,0.118705
363,0.1086824,0.01186819,0.7607473,0.1187022
364,0.1086801,0.01186814,0.7607532,0.1186986
365,0.1086778,0.01186813,0.7607594,0.1186947
366,0.1086757,0.01186815,0.7607659,0.1186903
367,0.1086738,0.01186821,0.7607722,0.1186858
368,0.1086722,0.0118683,0.7607784,0.1186811
369,0.108671,0.01186842,0.7607843,0.1186763
370,0.1086702,0.01186857,0.7607896,0.1186716
371,0.1086697,0.01186873,0.7607943,0.1186672
372,0.1086698,0.01186891,0.7607981,0.1186632
373,0.1086703,0.01186909,0.760801,0.1186595
374,0.1086714,0.01186927,0.7608029,0.1186565
375,0.1086731,0.01186943,0.7608036,0.1186539
376,0.1086752,0.01186957,0.760803,0.1186522
377,0.1086778,0.01186968,0.7608014,0.1186511
378,0.1086809,0.01186975,0.7607985,0.1186509
379,0.1086843,0.01186977,0.7607945,0.1186514
380,0.1086882,0.01186974,0.7607895,0.1186526
381,0.1086922,0.01186965,0.7607836,0.1186545
382,0.1086965,0.01186949,0.7607768,0.1186572
383,0.1087009,0.01186928,0.7607694,0.1186605
384,0.1087053,0.011869,0.7607614,0.1186643
385,0.1087096,0.01186865,0.7607534,0.1186684
386,0.1087137,0.01186825,0.760745,0.118673
387,0.1087175,0.01186779,0.7607371,0.1186776
388,0.1087209,0.0118673,0.7607294,0.1186824
389,0.1087239,0.01186677,0.7607224,0.118687
390,0.1087263,0.01186621,0.760716,0.1186914
391,0.1087281,0.01186564,0.7607108,0.1186955
392,0.1087293,0.01186508,0.7607065,0.1186991
393,0.1087298,0.01186453,0.7607035,0.1187022
394,0.1087295,0.01186401,0.760702,0.1187046
395,0.1087285,0.01186354,0.7607016,0.1187063
396,0.1087268,0.01186312,0.7607029,0.1187072
397,0.1087243,0.01186278,0.7607055,0.1187073
398,0.1087213,0.01186252,0.7607096,0.1187066
399,0.1087176,0.01186236,0.7607149,0.1187051
400,0.1087134,0.0118623,0.7607216,0.1187027
401,0.1087087,0.01186235,0.7607293,0.1186997
402,0.1087037,0.01186251,0.7607378,0.118696
403,0.1086985,0.01186279,0.760747,0.1186918
404,0.1086931,0.01186317,0.7607566,0.1186872
405,0.1086878,0.01186367,0.7607664,0.1186822
406,0.1086826,0.01186426,0.7607761,0.118677
407,0.1086775,0.01186495,0.7607856,0.1186719
408,0.1086728,0.01186571,0.7607945,0.1186669
409,0.1086686,0.01186654,0.7608027,0.1186621
410,0.1086649,0.01186742,0.7608098,0.1186579
411,0.1086618,0.01186833,0.7608157,0.1186541
412,0.1086595,0.01186925,0.7608203,0.118651
413,0.1086579,0.01187016,0.7608232,0.1186487
414,0.1086571,0.01187105,0.7608246,0.1186473
415,0.1086571,0.01187188,0.7608243,0.1186467
416,0.1086579,0.01187265,0.7608223,0.1186472
417,0.1086594,0.01187333,0.7608187,0.1186485
418,0.1086617,0.01187391,0.7608135,0.1186509
419,0.1086647,0.01187437,0.7608069,0.1186541
420,0.1086682,0.0118747,0.7607989,0.1186582
421,0.1086723,0.0118749,0.7607899,0.118663
422,0.1086767,0.01187494,0.76078,0.1186684
423,0.1086815,0.01187484,0.7607694,0.1186743
424,0.1086864,0.01187459,0.7607585,0.1186806
425,0.1086914,0.0118742,0.7607474,0.118687
426,0.1086963,0.01187367,0.7607366,0.1186934
427,0.108701,0.01187301,0.7607263,0.1186996
428,0.1087054,0.01187225,0.7607168,0.1187056
429,0.1087094,0.01187138,0.7607083,0.1187109
430,0.1087128,0.01187044,0.7607011,0.1187156
431,0.1087157,0.01186945,0.7606955,0.1187194
432,0.1087179,0.01186842,0.7606914,0.1187223
433,0.1087195,0.01186738,0.760689,0.1187241
434,0.1087203,0.01186635,0.7606886,0.1187248
435,0.1087203,0.01186535,0.7606901,0.1187243
436,0.1087196,0.01186442,0.7606934,0.1187226
437,0.1087182,0.01186357,0.7606984,0.1187198
438,0.1087162,0.01186281,0.7607052,0.1187158
439,0.1087136,0.01186217,0.7607135,0.1187107
440,0.1087105,0.01186167,0.7607231,0.1187048
441,0.108707,0.0118613,0.7607337,0.118698
442,0.1087032,0.01186108,0.7607451,0.1186906
443,0.1086992,0.01186102,0.7607571,0.1186827
444,0.1086952,0.0118611,0.7607691,0.1186746
445,0.1086913,0.01186134,0.760781,0.1186663
446,0.1086876,0.01186171,0.7607924,0.1186583
447,0.1086842,0.01186222,0.7608031,0.1186505
448,0.1086811,0.01186285,0.7608125,0.1186435
449,0.1086786,0.01186357,0.7608207,0.1186371
450,0.1086767,0.01186437,0.7608272,0.1186317
451,0.1086755,0.01186524,0.7608319,0.1186275
452,0.1086749,0.01186613,0.7608346,0.1186244
453,0.108675,0.01186704,0.7608352,0.1186227
454,0.1086759,0.01186795,0.7608337,0.1186225
455,0.1086775,0.01186881,0.7608299,0.1186237
456,0.1086797,0.01186962,0.7608244,0.1186263
457,0.1086826,0.01187035,0.7608168,0.1186304
458,0.1086859,0.01187098,0.7608074,0.1186357
459,0.1086896,0.01187151,0.7607965,0.1186423
460,0.1086936,0.01187191,0.7607845,0.11865
461,0.1086978,0.01187217,0.7607716,0.1186584
462,0.108702,0.0118723,0.7607582,0.1186676
463,0.1087062,0.01187228,0.7607444,0.1186771
464,0.10871,0.01187213,0.7607309,0.118687
465,0.1087135,0.01187184,0.7607179,0.1186967
466,0.1087165,0.01187144,0.7607058,0.1187062
467,0.1087189,0.01187093,0.760695,0.1187152
468,0.1087206,0.01187033,0.7606857,0.1187233
469,0.1087215,0.01186966,0.7606785,0.1187304
470,0.1087216,0.01186894,0.7606732,0.1187362
471,0.1087208,0.01186819,0.7606702,0.1187408
472,0.1087191,0.01186745,0.7606696,0.1187438
473,0.1087165,0.01186672,0.7606716,0.1187452
474,0.1087131,0.01186604,0.7606758,0.1187449
475,0.108709,0.01186542,0.7606826,0.118743
476,0.1087041,0.0118649,0.7606915,0.1187395
477,0.1086987,0.01186448,0.7607025,0.1187343
478,0.1086929,0.01186418,0.7607152,0.1187277
479,0.1086867,0.01186401,0.7607295,0.1187198
480,0.1086805,0.01186399,0.7607448,0.1187108
481,0.1086742,0.0118641,0.7607608,0.1187009
482,0.1086681,0.01186436,0.7607771,0.1186904
483,0.1086625,0.01186476,0.7607933,0.1186795
484,0.1086573,0.01186528,0.7608088,0.1186686
485,0.1086529,0.01186592,0.7608234,0.1186578
486,0.1086493,0.01186665,0.7608364,0.1186476
487,0.1086467,0.01186746,0.7608477,0.1186381
488,0.1086452,0.01186833,0.7608568,0.1186297
489,0.1086448,0.01186922,0.7608634,0.1186225
490,0.1086456,0.01187011,0.7608674,0.1186169
491,0.1086477,0.01187098,0.7608686,0.1186128
492,0.1086509,0.01187178,0.7608668,0.1186106
493,0.1086553,0.01187251,0.760862,0.1186101
494,0.1086608,0.01187313,0.7608545,0.1186115
495,0.1086673,0.01187362,0.7608442,0.1186148
496,0.1086747,0.01187395,0.7608315,0.1186199
497,0.1086827,0.01187413,0.7608165,0.1186267
498,0.1086912,0.01187412,0.7607996,0.118635
499,0.1087001,0.01187392,0.7607813,0.1186446
500,0.108709,0.01187354,0.7607623,0.1186552
501,0.1087178,0.01187298,0.7607427,0.1186666
502,0.1087262,0.01187224,0.7607231,0.1186784
503,0.1087341,0.01187133,0.7607042,0.1186904
504,0.1087411,0.01187029,0.7606864,0.1187022
505,0.1087472,0.01186912,0.7606701,0.1187136
506,0.1087522,0.01186786,0.7606559,0.1187241
507,0.1087559,0.01186653,0.7606441,0.1187335
508,0.1087581,0.01186518,0.7606352,0.1187415
509,0.1087589,0.01186383,0.7606293,0.118748
510,0.1087582,0.01186252,0.7606267,0.1187525
511,0.1087559,0.01186129,0.7606277,0.1187552
512,0.1087522,0.01186018,0.7606319,0.1187558
513,0.108747,0.0118592,0.7606396,0.1187542
514,0.1087405,0.0118584,0.7606506,0.1187505
515,0.1087328,0.0118578,0.7606646,0.1187448
516,0.1087241,0.01185742,0.7606813,0.1187372
517,0.1087146,0.01185729,0.7607003,0.1187279
518,0.1087044,0.01185739,0.760721,0.1187171
519,0.1086939,0.01185776,0.7607431,0.1187051
520,0.1086834,0.01185837,0.7607661,0.1186922
521,0.108673,0.01185923,0.7607892,0.1186787
522,0.1086629,0.01186031,0.7608117,0.118665
523,0.1086536,0.0118616,0.7608332,0.1186516
524,0.1086452,0.01186307,0.7608532,0.1186386
525,0.1086379,0.01186469,0.7608708,0.1186266
526,0.1086319,0.01186642,0.7608859,0.1186158
527,0.1086274,0.01186822,0.7608977,0.1186066
528,0.1086246,0.01187005,0.760906,0.1185993
529,0.1086234,0.01187186,0.7609107,0.1185941
530,0.1086239,0.01187362,0.7609113,0.1185912
531,0.1086262,0.01187526,0.7609079,0.1185906
532,0.1086302,0.01187676,0.7609005,0.1185925
533,0.1086357,0.01187807,0.7608893,0.118597
534,0.1086427,0.01187916,0.7608744,0.1186037
535,0.108651,0.01187999,0.7608564,0.1186127
536,0.1086603,0.01188055,0.7608353,0.1186237
537,0.1086705,0.01188081,0.7608121,0.1186366
538,0.1086813,0.01188076,0.7607872,0.1186508
539,0.1086923,0.0118804,0.7607612,0.1186661
540,0.1087032,0.01187974,0.7607348,0.1186822
541,0.108714,0.01187878,0.7607088,0.1186985
542,0.1087241,0.01187755,0.7606837,0.1187147
543,0.1087334,0.01187608,0.7606604,0.1187302
544,0.1087416,0.0118744,0.7606393,0.1187447
545,0.1087485,0.01187254,0.7606212,0.1187578
546,0.1087538,0.01187056,0.7606066,0.118769
547,0.1087575,0.0118685,0.7605959,0.1187781
548,0.1087595,0.01186641,0.7605894,0.1187847
549,0.1087596,0.01186434,0.7605873,0.1187886
550,0.108758,0.01186236,0.7605898,0.1187898
551,0.1087546,0.01186049,0.760597,0.1187879
552,0.1087494,0.01185881,0.7606086,0.1187832
553,0.1087428,0.01185733,0.7606242,0.1187757
554,0.1087347,0.01185612,0.7606438,0.1187654
555,0.1087255,0.01185519,0.7606666,0.1187526
556,0.1087154,0.01185458,0.7606924,0.1187377
557,0.1087046,0.01185429,0.7607201,0.1187209
558,0.1086935,0.01185435,0.7607495,0.1187028
559,0.1086823,0.01185474,0.7607793,0.1186836
560,0.1086714,0.01185546,0.7608091,0.1186641
561,0.108661,0.01185649,0.760838,0.1186446
562,0.1086516,0.01185782,0.760865,0.1186255
563,0.1086433,0.01185939,0.7608896,0.1186077
564,0.1086364,0.01186117,0.760911,0.1185914
565,0.1086312,0.01186312,0.7609286,0.1185772
566,0.1086278,0.01186519,0.7609417,0.1185653
567,0.1086263,0.01186731,0.76095,0.1185564
568,0.1086268,0.01186944,0.7609532,0.1185505
569,0.1086294,0.01187152,0.7609511,0.118548
570,0.1086339,0.01187349,0.7609438,0.1185488
571,0.1086403,0.01187529,0.7609313,0.1185532
572,0.1086484,0.01187688,0.7609137,0.1185609
573,0.108658,0.01187822,0.7608919,0.1185719
574,0.108669,0.01187925,0.760866,0.1185858
575,0.1086808,0.01187997,0.7608368,0.1186025
576,0.1086933,0.01188034,0.7608049,0.1186215
577,0.1087061,0.01188034,0.7607712,0.1186423
578,0.1087188,0.01187999,0.7607368,0.1186644
579,0.1087311,0.01187928,0.7607023,0.1186873
580,0.1087426,0.01187824,0.7606689,0.1187102
581,0.1087529,0.01187689,0.7606374,0.1187328
582,0.1087618,0.01187527,0.7606087,0.1187542
583,0.1087689,0.01187342,0.7605836,0.118774
584,0.108774,0.01187138,0.7605629,0.1187917
585,0.108777,0.01186924,0.7605472,0.1188066
586,0.1087777,0.01186703,0.7605368,0.1188184
587,0.1087761,0.01186482,0.7605323,0.1188267
588,0.1087721,0.01186268,0.760534,0.1188313
589,0.1087658,0.01186066,0.7605417,0.1188319
590,0.1087573,0.01185883,0.7605552,0.1188286
591,0.1087468,0.01185724,0.7605746,0.1188213
592,0.1087346,0.01185594,0.7605994,0.1188101
593,0.1087208,0.01185497,0.7606288,0.1187954
594,0.108706,0.01185436,0.7606623,0.1187774
595,0.1086904,0.01185414,0.760699,0.1187565
596,0.1086744,0.01185432,0.7607378,0.1187335
597,0.1086584,0.0118549,0.7607781,0.1187086
598,0.1086429,0.01185587,0.7608185,0.1186827
599,0.1086283,0.01185722,0.7608581,0.1186564
600,0.1086151,0.0118589,0.7608956,0.1186305
601,0.1086035,0.01186088,0.7609302,0.1186054
602,0.1085941,0.01186312,0.7609606,0.1185821
603,0.108587,0.01186554,0.7609863,0.1185612
604,0.1085825,0.01186809,0.7610062,0.1185432
605,0.1085808,0.0118707,0.7610199,0.1185286
606,0.1085821,0.0118733,0.7610267,0.1185179
607,0.1085864,0.0118758,0.7610264,0.1185114
608,0.1085936,0.01187815,0.7610188,0.1185094
609,0.1086036,0.01188026,0.7610041,0.118512
610,0.1086162,0.01188207,0.7609826,0.1185192
611,0.1086311,0.01188353,0.7609546,0.1185308
612,0.108648,0.01188459,0.7609209,0.1185466
613,0.1086664,0.01188521,0.7608822,0.1185661
614,0.1086859,0.01188535,0.7608396,0.1185891
615,0.108706,0.01188501,0.7607941,0.1186148
616,0.1087263,0.01188417,0.7607469,0.1186426
617,0.1087461,0.01188286,0.7606993,0.1186718
618,0.1087648,0.0118811,0.7606524,0.1187017
619,0.1087821,0.01187892,0.7606076,0.1187313
620,0.1087974,0.01187638,0.7605662,0.1187599
621,0.1088104,0.01187353,0.7605292,0.1187868
622,0.1088206,0.01187044,0.7604977,0.1188112
623,0.1088277,0.0118672,0.7604727,0.1188324
624,0.1088316,0.01186388,0.7604547,0.1188498
625,0.1088321,0.01186058,0.7604446,0.1188627
626,0.108829,0.01185738,0.7604427,0.1188709
627,0.1088225,0.01185437,0.7604491,0.1188741
628,0.1088127,0.01185163,0.7604637,0.118872
629,0.1087997,0.01184925,0.7604864,0.1188647
630,0.1087839,0.01184729,0.7605166,0.1188522
631,0.1087656,0.0118458,0.7605537,0.1188349
632,0.1087452,0.01184485,0.7605969,0.118813
633,0.1087233,0.01184447,0.7606451,0.1187872
634,0.1087003,0.01184468,0.7606969,0.1187581
635,0.1086769,0.01184548,0.7607513,0.1187264
636,0.1086535,0.01184687,0.7608067,0.1186929
637,0.1086309,0.01184883,0.7608618,0.1186585
638,0.1086096,0.01185131,0.7609149,0.1186242
639,0.1085902,0.01185426,0.7609647,0.1185908
640,0.1085733,0.01185761,0.7610099,0.1185593
641,0.1085592,0.01186129,0.7610489,0.1185306
642,0.1085485,0.01186521,0.7610808,0.1185055
643,0.1085414,0.01186926,0.7611045,0.1184848
644,0.1085383,0.01187335,0.7611194,0.118469
645,0.1085392,0.01187737,0.7611247,0.1184587
646,0.1085442,0.01188121,0.7611203,0.1184543
647,0.1085533,0.01188478,0.761106,0.118456
648,0.108566,0.01188797,0.7610821,0.1184638
649,0.1085823,0.0118907,0.7610493,0.1184776
650,0.1086018,0.01189287,0.7610081,0.1184972
651,0.1086239,0.01189444,0.7609596,0.1185221
652,0.108648,0.01189534,0.760905,0.1185517
653,0.1086734,0.01189555,0.7608458,0.1185852
654,0.1086996,0.01189505,0.7607833,0.118622
655,0.1087259,0.01189384,0.7607192,0.118661
656,0.1087514,0.01189194,0.7606554,0.1187012
657,0.1087756,0.0118894,0.7605935,0.1187415
658,0.1087976,0.01188627,0.7605352,0.1187809
659,0.1088171,0.01188263,0.7604819,0.1188183
660,0.1088333,0.01187855,0.7604355,0.1188527
661,0.1088459,0.01187416,0.760397,0.118883
662,0.1088545,0.01186956,0.7603675,0.1189084
663,0.1088589,0.01186486,0.7603481,0.1189282
664,0.1088588,0.01186019,0.7603393,0.1189416
665,0.1088543,0.01185566,0.7603416,0.1189484
666,0.1088455,0.01185141,0.7603551,0.1189481
667,0.1088325,0.01184754,0.7603793,0.1189406
668,0.1088157,0.01184415,0.7604142,0.118926
669,0.1087953,0.01184135,0.7604586,0.1189046
670,0.108772,0.01183921,0.7605118,0.1188769
671,0.1087463,0.01183779,0.7605725,0.1188434
672,0.1087189,0.01183713,0.7606389,0.118805
673,0.1086904,0.01183727,0.7607096,0.1187626
674,0.1086617,0.01183821,0.7607828,0.1187173
675,0.1086334,0.01183993,0.7608563,0.1186703
676,0.1086064,0.0118424,0.7609285,0.1186228
677,0.1085813,0.01184556,0.7609972,0.1185759
678,0.108559,0.01184932,0.7610605,0.1185311
679,0.1085401,0.01185361,0.7611167,0.1184896
680,0.1085252,0.01185832,0.7611639,0.1184525
681,0.1085148,0.01186331,0.761201,0.1184209
682,0.1085093,0.01186847,0.7612264,0.1183958
683,0.1085089,0.01187365,0.7612396,0.1183778
684,0.1085138,0.01187872,0.7612398,0.1183677
685,0.1085238,0.01188353,0.7612268,0.1183658
686,0.1085389,0.01188796,0.7612008,0.1183722
687,0.1085586,0.01189187,0.7611625,0.118387
688,0.1085825,0.01189516,0.7611124,0.1184099
689,0.1086101,0.01189773,0.7610518,0.1184404
690,0.1086404,0.01189949,0.7609824,0.1184778
691,0.1086728,0.01190039,0.7609058,0.118521
692,0.1087062,0.0119004,0.7608241,0.1185693
693,0.10874,0.0118995,0.7607393,0.1186213
694,0.1087729,0.0118977,0.7606537,0.1186756
695,0.1088042,0.01189505,0.7605698,0.118731
696,0.108833,0.01189161,0.7604896,0.1187858
697,0.1088583,0.01188746,0.7604155,0.1188387
698,0.1088796,0.01188271,0.7603495,0.1188882
699,0.1088961,0.01187749,0.7602935,0.1189329
700,0.1089074,0.01187193,0.7602491,0.1189716
701,0.1089131,0.01186617,0.7602176,0.1190032
702,0.1089129,0.01186039,0.7602001,0.1190266
703,0.108907,0.01185473,0.760197,0.1190413
704,0.1088951,0.01184935,0.7602088,0.1190466
705,0.1088777,0.0118444,0.7602356,0.1190423
706,0.1088551,0.01184003,0.7602767,0.1190282
707,0.1088278,0.01183635,0.7603311,0.1190047
708,0.1087963,0.01183349,0.7603979,0.1189723
709,0.1087615,0.01183152,0.7604753,0.1189316
710,0.1087241,0.01183052,0.7605618,0.1188836
711,0.1086852,0.01183053,0.7606549,0.1188295
712,0.1086456,0.01183157,0.7607522,0.1187706
713,0.1086063,0.01183362,0.7608516,0.1187085
714,0.1085685,0.01183664,0.7609501,0.1186447
715,0.1085332,0.01184058,0.7610452,0.1185811
716,0.1085013,0.01184533,0.7611341,0.1185192
717,0.1084739,0.0118508,0.7612145,0.1184608
718,0.1084518,0.01185684,0.761284,0.1184075
719,0.1084356,0.01186328,0.7613403,0.1183608
720,0.1084261,0.01186998,0.7613818,0.1183221
721,0.1084237,0.01187676,0.761407,0.1182925
722,0.1084285,0.01188341,0.7614151,0.1182731
723,0.1084406,0.01188977,0.7614052,0.1182643
724,0.1084599,0.01189566,0.7613776,0.1182669
725,0.108486,0.01190089,0.7613326,0.1182805
726,0.1085183,0.01190531,0.7612712,0.1183052
727,0.1085559,0.01190878,0.7611949,0.1183405
728,0.1085979,0.01191119,0.7611055,0.1183854
729,0.1086433,0.01191246,0.7610052,0.118439
730,0.1086908,0.01191252,0.7608967,0.1184999
731,0.1087392,0.01191135,0.760783,0.1185666
732,0.108787,0.01190896,0.7606665,0.1186375
733,0.108833,0.01190539,0.7605511,0.1187105
734,0.108876,0.01190072,0.7604395,0.1187838
735,0.1089147,0.01189506,0.7603347,0.1188555
736,0.1089481,0.01188854,0.7602397,0.1189236
737,0.1089753,0.01188133,0.760157,0.1189863
738,0.1089955,0.01187362,0.7600892,0.1190417
739,0.1090082,0.01186559,0.7600379,0.1190884
740,0.1090129,0.01185747,0.7600049,0.1191249
741,0.1090094,0.01184946,0.7599912,0.1191499
742,0.1089979,0.01184178,0.7599974,0.1191629
743,0.1089785,0.01183465,0.7600238,0.1191631
744,0.1089516,0.01182826,0.7600697,0.1191505
745,0.1089177,0.01182278,0.7601345,0.1191249
746,0.1088777,0.01181838,0.7602168,0.1190872
747,0.1088324,0.0118152,0.7603147,0.1190378
748,0.1087828,0.01181333,0.7604256,0.1189782
749,0.1087302,0.01181285,0.7605474,0.1189095
750,0.1086757,0.01181379,0.7606768,0.1188337
751,0.1086208,0.01181616,0.7608105,0.1187525
752,0.1085669,0.01181991,0.760945,0.1186682
753,0.1085153,0.01182498,0.7610767,0.1185829
754,0.1084676,0.01183125,0.7612022,0.118499
755,0.1084249,0.01183859,0.7613177,0.1184187
756,0.1083887,0.01184682,0.7614201,0.1183444
757,0.10836,0.01185575,0.7615064,0.118278
758,0.1083398,0.01186514,0.7615736,0.1182216
759,0.1083289,0.01187476,0.7616196,0.1181767
760,0.1083278,0.01188436,0.7616429,0.118145
761,0.1083366,0.01189369,0.7616423,0.1181273
762,0.1083555,0.01190249,0.7616176,0.1181245
763,0.1083839,0.0119105,0.761569,0.1181367
764,0.1084214,0.01191751,0.7614971,0.1181639
765,0.1084669,0.01192331,0.7614041,0.1182057
766,0.1085193,0.01192772,0.7612921,0.1182609
767,0.1085771,0.01193059,0.7611638,0.1183286
768,0.1086388,0.01193183,0.7610226,0.1184068
769,0.1087026,0.01193137,0.7608721,0.1184938
770,0.1087669,0.0119292,0.7607166,0.1185873
771,0.1088296,0.01192536,0.7605602,0.1186849
772,0.1088893,0.01191992,0.7604069,0.118784
773,0.1089441,0.01191301,0.7602609,0.1188821
774,0.1089925,0.01190481,0.7601263,0.1189764
775,0.1090334,0.0118955,0.7600067,0.1190645
776,0.1090656,0.01188533,0.7599053,0.1191438
777,0.1090882,0.01187457,0.7598251,0.1192122
778,0.1091006,0.01186348,0.7597683,0.1192676
779,0.1091026,0.01185237,0.7597365,0.1193085
780,0.1090939,0.01184152,0.7597313,0.1193333
781,0.1090748,0.01183122,0.7597528,0.1193412
782,0.1090456,0.01182176,0.7598008,0.1193318
783,0.1090069,0.01181339,0.7598747,0.119305
784,0.1089597,0.01180633,0.7599728,0.1192612
785,0.1089049,0.01180079,0.7600931,0.1192012
786,0.1088438,0.01179694,0.7602328,0.1191264
787,0.1087779,0.01179489,0.7603887,0.1190386
788,0.1087086,0.01179472,0.7605568,0.1189398
789,0.1086377,0.01179646,0.7607332,0.1188326
790,0.108567,0.01180009,0.7609133,0.1187196
791,0.1084984,0.01180555,0.7610922,0.1186039
792,0.1084336,0.01181271,0.7612652,0.1184886
793,0.1083745,0.01182142,0.7614274,0.1183766
794,0.108323,0.01183148,0.7615743,0.1182712
795,0.1082806,0.01184263,0.7617013,0.1181754
796,0.1082488,0.01185461,0.7618047,0.1180919
797,0.1082288,0.01186709,0.7618809,0.1180231
798,0.1082216,0.01187977,0.7619276,0.117971
799,0.1082275,0.01189229,0.7619427,0.1179375
800,0.1082469,0.01190432,0.7619251,0.1179237
801,0.1082795,0.01191552,0.7618748,0.1179302
802,0.1083245,0.01192557,0.7617928,0.1179571
803,0.108381,0.01193417,0.7616807,0.1180041
804,0.1084473,0.01194106,0.7615414,0.1180702
805,0.1085218,0.01194603,0.7613784,0.1181538
806,0.1086023,0.01194889,0.7611958,0.1182529
807,0.1086865,0.01194955,0.7609987,0.1183652
808,0.108772,0.01194796,0.7607923,0.1184878
809,0.1088564,0.01194411,0.760582,0.1186176
810,0.1089371,0.01193809,0.7603736,0.1187512
811,0.1090121,0.01193005,0.7601728,0.1188851
812,0.1090791,0.01192017,0.759985,0.1190157
813,0.1091363,0.01190872,0.7598152,0.1191397
814,0.1091824,0.01189598,0.7596681,0.1192536
815,0.109216,0.01188228,0.7595477,0.1193541
816,0.1092362,0.011868,0.7594572,0.1194386
817,0.1092426,0.0118535,0.7593994,0.1195045
818,0.1092349,0.01183919,0.7593761,0.1195498
819,0.1092133,0.01182544,0.7593884,0.1195729
820,0.1091782,0.01181263,0.7594362,0.1195729
821,0.1091303,0.01180111,0.7595191,0.1195495
822,0.1090707,0.0117912,0.7596354,0.1195027
823,0.1090005,0.01178319,0.7597828,0.1194336
824,0.1089213,0.01177729,0.759958,0.1193434
825,0.1088348,0.01177371,0.7601571,0.1192344
826,0.108743,0.01177257,0.7603754,0.119109
827,0.108648,0.01177394,0.7606077,0.1189703
828,0.1085521,0.01177781,0.7608481,0.118822
829,0.1084576,0.01178414,0.7610905,0.1186679
830,0.1083671,0.01179279,0.7613282,0.118512
831,0.1082831,0.01180358,0.7615548,0.1183585
832,0.1082081,0.01181627,0.761764,0.1182117
833,0.1081443,0.01183056,0.7619495,0.1180756
834,0.1080941,0.0118461,0.7621055,0.1179543
835,0.1080592,0.01186249,0.7622272,0.1178512
836,0.1080411,0.01187932,0.7623103,0.1177692
837,0.108041,0.01189615,0.7623518,0.1177111
838,0.1080594,0.0119125,0.7623494,0.1176788
839,0.1080962,0.01192792,0.7623025,0.1176734
840,0.1081509,0.01194197,0.7622116,0.1176955
841,0.1082222,0.01195422,0.7620787,0.1177449
842,0.1083084,0.01196431,0.7619067,0.1178207
843,0.108407,0.01197191,0.7617,0.117921
844,0.1085153,0.01197675,0.7614642,0.1180437
845,0.1086302,0.01197865,0.7612055,0.1181856
846,0.1087482,0.01197751,0.760931,0.1183433
847,0.108866,0.0119733,0.760648,0.1185127
848,0.1089801,0.0119661,0.7603644,0.1186893
849,0.1090874,0.01195605,0.7600877,0.1188688
850,0.1091849,0.01194341,0.7598255,0.1190462
851,0.1092698,0.01192849,0.7595848,0.1192169
852,0.1093403,0.01191167,0.7593718,0.1193762
853,0.1093944,0.01189338,0.7591924,0.11952
854,0.1094309,0.0118741,0.7590511,0.119644
855,0.109449,0.01185434,0.7589519,0.1197448
856,0.1094483,0.01183463,0.7588978,0.1198193
857,0.109429,0.01181548,0.7588904,0.1198652
858,0.1093913,0.0117974,0.7589304,0.1198808
859,0.1093361,0.0117809,0.7590178,0.1198651
860,0.1092646,0.0117664,0.7591507,0.1198183
861,0.1091783,0.01175432,0.7593268,0.1197406
862,0.1090787,0.01174498,0.7595425,0.1196338
863,0.108968,0.01173868,0.7597931,0.1195001
864,0.1088486,0.0117356,0.7600731,0.1193426
865,0.1087229,0.01173588,0.7603759,0.1191653
866,0.108594,0.01173957,0.760694,0.1189724
867,0.1084647,0.01174662,0.7610196,0.118769
868,0.1083383,0.01175692,0.7613443,0.1185605
869,0.1082184,0.01177026,0.7616591,0.1183523
870,0.1081081,0.01178635,0.7619553,0.1181503
871,0.1080108,0.01180484,0.7622241,0.1179602
872,0.1079298,0.01182528,0.7624577,0.1177873
873,0.107868,0.0118472,0.7626482,0.1176366
