EwEVersion,"6.6.7.17812 (compiled 28/02/2022)"
Date,"26/02/2023 11:47:51 AM"
ModelName,CS_model_V1_110722
EcosimScenario,"New Ecosim scenario"
TimeSeries,(none)
StartYear,2020

Data,"Prey of Western King Prawn"

timestep\group,Polychaetes,Macroalgae,"Macroalgal Epiphytes",Microphytobenthos,Detritus,
1,0.1052532,0.1052604,0.1052604,0.05262857,0.6315975
2,0.1052385,0.1052579,0.1052579,0.05263228,0.6316134
3,0.1052372,0.1052577,0.1052577,0.05263451,0.631613
4,0.105235,0.1052576,0.1052575,0.05263613,0.6316138
5,0.1052331,0.1052574,0.1052573,0.05263736,0.6316148
6,0.1052319,0.1052572,0.1052572,0.05263829,0.6316153
7,0.1052315,0.1052571,0.1052572,0.0526389,0.6316155
8,0.1052317,0.1052569,0.1052571,0.05263923,0.6316151
9,0.1052324,0.1052567,0.105257,0.05263931,0.6316145
10,0.1052335,0.1052564,0.1052569,0.05263914,0.631614
11,0.105235,0.1052561,0.1052568,0.05263884,0.6316133
12,0.1052366,0.1052557,0.1052567,0.05263837,0.6316127
13,0.1052384,0.1052553,0.1052565,0.05263783,0.6316121
14,0.1052402,0.1052548,0.1052562,0.05263722,0.6316115
15,0.1052419,0.1052543,0.105256,0.05263663,0.6316112
16,0.1052436,0.1052539,0.1052557,0.05263603,0.6316109
17,0.1052452,0.1052534,0.1052553,0.05263547,0.6316106
18,0.1052466,0.1052529,0.105255,0.05263497,0.6316105
19,0.1052478,0.1052525,0.1052546,0.05263454,0.6316106
20,0.1052487,0.105252,0.1052542,0.05263422,0.6316107
21,0.1052495,0.1052517,0.1052539,0.052634,0.6316108
22,0.10525,0.1052514,0.1052535,0.05263386,0.6316112
23,0.1052502,0.1052511,0.1052532,0.05263383,0.6316116
24,0.1052502,0.1052509,0.1052528,0.0526339,0.6316122
25,0.1052499,0.1052507,0.1052526,0.05263411,0.6316127
26,0.1052494,0.1052507,0.1052524,0.05263438,0.6316131
27,0.1052485,0.1052506,0.1052521,0.05263473,0.631614
28,0.1052475,0.1052507,0.105252,0.05263517,0.6316146
29,0.1052462,0.1052508,0.1052519,0.05263566,0.6316153
30,0.1052448,0.105251,0.105252,0.05263625,0.631616
31,0.1052432,0.1052513,0.105252,0.05263685,0.6316167
32,0.1052414,0.1052516,0.1052521,0.05263749,0.6316174
33,0.1052396,0.1052519,0.1052523,0.05263816,0.631618
34,0.1052376,0.1052523,0.1052526,0.05263883,0.6316186
35,0.1052357,0.1052528,0.1052529,0.0526395,0.6316192
36,0.1052337,0.1052532,0.1052533,0.05264015,0.6316197
37,0.1052317,0.1052537,0.1052537,0.05264076,0.6316201
38,0.1052298,0.1052542,0.1052542,0.05264134,0.6316205
39,0.105228,0.1052547,0.1052546,0.05264188,0.6316209
40,0.1052263,0.1052552,0.1052551,0.05264235,0.631621
41,0.1052248,0.1052557,0.1052557,0.05264276,0.6316211
42,0.1052234,0.1052561,0.1052562,0.05264312,0.6316211
43,0.1052222,0.1052565,0.1052567,0.05264335,0.6316212
44,0.1052213,0.1052569,0.1052572,0.05264355,0.631621
45,0.1052206,0.1052572,0.1052577,0.05264368,0.6316208
46,0.10522,0.1052574,0.1052581,0.05264371,0.6316208
47,0.1052198,0.1052576,0.1052584,0.05264368,0.6316205
48,0.1052198,0.1052578,0.1052587,0.0526436,0.6316201
49,0.10522,0.1052578,0.1052589,0.05264346,0.6316199
50,0.1052204,0.1052579,0.1052591,0.05264326,0.6316195
51,0.105221,0.1052578,0.1052591,0.05264301,0.6316192
52,0.1052217,0.1052577,0.105259,0.05264274,0.6316189
53,0.1052226,0.1052575,0.1052589,0.05264243,0.6316185
54,0.1052237,0.1052572,0.1052587,0.05264211,0.6316181
55,0.1052249,0.105257,0.1052585,0.0526418,0.6316179
56,0.105226,0.1052567,0.1052582,0.05264148,0.6316175
57,0.1052273,0.1052564,0.1052578,0.05264117,0.6316173
58,0.1052285,0.1052561,0.1052574,0.05264088,0.6316171
59,0.1052297,0.1052558,0.1052569,0.05264062,0.631617
60,0.1052309,0.1052555,0.1052565,0.0526404,0.6316168
61,0.1052319,0.1052553,0.1052561,0.05264023,0.6316166
62,0.1052328,0.105255,0.1052556,0.05264008,0.6316164
63,0.1052337,0.1052549,0.1052552,0.05264,0.6316162
64,0.1052344,0.1052548,0.1052549,0.05263997,0.631616
65,0.1052348,0.1052548,0.1052546,0.05263997,0.6316158
66,0.1052352,0.1052548,0.1052544,0.05264003,0.6316156
67,0.1052353,0.1052549,0.1052542,0.05264014,0.6316154
68,0.1052353,0.1052552,0.1052542,0.05264028,0.631615
69,0.1052351,0.1052555,0.1052543,0.05264045,0.6316146
70,0.1052347,0.1052559,0.1052545,0.05264062,0.6316143
71,0.1052343,0.1052564,0.1052548,0.05264084,0.6316138
72,0.1052336,0.1052569,0.1052553,0.05264106,0.6316131
73,0.1052329,0.1052575,0.1052558,0.05264129,0.6316125
74,0.1052321,0.1052582,0.1052564,0.05264149,0.6316118
75,0.1052312,0.1052589,0.1052571,0.05264167,0.631611
76,0.1052304,0.1052597,0.1052579,0.05264186,0.6316101
77,0.1052295,0.1052605,0.1052588,0.05264199,0.6316092
78,0.1052287,0.1052613,0.1052597,0.05264207,0.6316083
79,0.1052279,0.1052621,0.1052606,0.05264213,0.6316073
80,0.1052273,0.1052628,0.1052615,0.05264212,0.6316062
81,0.1052267,0.1052636,0.1052625,0.05264207,0.6316051
82,0.1052263,0.1052643,0.1052634,0.05264196,0.631604
83,0.1052261,0.1052649,0.1052643,0.05264181,0.6316028
84,0.105226,0.1052654,0.1052651,0.05264156,0.6316019
85,0.1052262,0.1052659,0.1052658,0.05264128,0.6316009
86,0.1052266,0.1052663,0.1052664,0.05264097,0.6315998
87,0.1052271,0.1052665,0.1052669,0.05264061,0.6315988
88,0.1052278,0.1052666,0.1052673,0.05264019,0.6315982
89,0.1052287,0.1052667,0.1052675,0.05263976,0.6315973
90,0.1052297,0.1052666,0.1052676,0.0526393,0.6315967
91,0.1052309,0.1052665,0.1052676,0.05263885,0.6315961
92,0.1052323,0.1052662,0.1052674,0.05263836,0.6315957
93,0.1052336,0.1052658,0.1052671,0.05263787,0.6315956
94,0.1052351,0.1052654,0.1052667,0.05263744,0.6315953
95,0.1052366,0.1052649,0.1052661,0.052637,0.6315954
96,0.1052381,0.1052644,0.1052654,0.0526366,0.6315954
97,0.1052396,0.1052638,0.1052647,0.05263624,0.6315956
98,0.1052409,0.1052633,0.1052639,0.05263593,0.631596
99,0.1052422,0.1052627,0.1052631,0.05263568,0.6315963
100,0.1052434,0.1052621,0.1052622,0.05263548,0.6315968
101,0.1052444,0.1052616,0.1052614,0.05263532,0.6315973
102,0.1052452,0.1052611,0.1052606,0.05263522,0.6315979
103,0.1052459,0.1052607,0.1052598,0.05263519,0.6315985
104,0.1052462,0.1052603,0.1052591,0.05263518,0.6315992
105,0.1052465,0.10526,0.1052585,0.05263527,0.6315997
106,0.1052464,0.1052598,0.105258,0.05263537,0.6316004
107,0.1052462,0.1052597,0.1052576,0.05263552,0.6316008
108,0.1052457,0.1052598,0.1052574,0.05263571,0.6316014
109,0.1052451,0.1052599,0.1052573,0.05263591,0.6316018
110,0.1052443,0.1052602,0.1052573,0.05263614,0.631602
111,0.1052433,0.1052605,0.1052575,0.05263634,0.6316024
112,0.1052422,0.1052609,0.1052579,0.0526366,0.6316025
113,0.1052409,0.1052613,0.1052584,0.05263681,0.6316025
114,0.1052397,0.1052619,0.105259,0.05263701,0.6316024
115,0.1052384,0.1052625,0.1052596,0.05263718,0.6316023
116,0.1052371,0.1052631,0.1052605,0.05263733,0.631602
117,0.1052358,0.1052638,0.1052614,0.05263744,0.6316016
118,0.1052347,0.1052644,0.1052623,0.05263749,0.6316011
119,0.1052335,0.1052651,0.1052633,0.0526375,0.6316007
120,0.1052326,0.1052657,0.1052642,0.05263748,0.6316
121,0.1052318,0.1052662,0.1052651,0.05263741,0.6315994
122,0.1052311,0.1052667,0.105266,0.05263731,0.6315988
123,0.1052306,0.1052671,0.1052669,0.05263716,0.6315983
124,0.1052304,0.1052674,0.1052676,0.05263699,0.6315976
125,0.1052303,0.1052676,0.1052681,0.05263679,0.6315972
126,0.1052304,0.1052677,0.1052686,0.05263659,0.6315967
127,0.1052306,0.1052677,0.1052689,0.05263636,0.6315964
128,0.1052311,0.1052675,0.1052691,0.05263614,0.6315962
129,0.1052316,0.1052672,0.1052691,0.05263593,0.6315961
130,0.1052324,0.1052669,0.1052689,0.05263577,0.6315961
131,0.1052331,0.1052664,0.1052685,0.0526356,0.6315963
132,0.105234,0.1052659,0.1052681,0.05263551,0.6315964
133,0.1052349,0.1052653,0.1052675,0.05263547,0.6315969
134,0.1052357,0.1052647,0.1052667,0.05263546,0.6315973
135,0.1052366,0.105264,0.1052659,0.05263554,0.631598
136,0.1052374,0.1052633,0.105265,0.05263571,0.6315986
137,0.105238,0.1052626,0.105264,0.05263593,0.6315995
138,0.1052384,0.1052619,0.105263,0.05263622,0.6316005
139,0.1052387,0.1052613,0.105262,0.05263659,0.6316015
140,0.1052388,0.1052607,0.105261,0.05263704,0.6316024
141,0.1052388,0.1052602,0.1052601,0.05263754,0.6316035
142,0.1052385,0.1052598,0.1052592,0.0526381,0.6316044
143,0.105238,0.1052595,0.1052585,0.05263869,0.6316053
144,0.1052373,0.1052593,0.1052579,0.05263935,0.6316062
145,0.1052364,0.1052593,0.1052574,0.05263998,0.631607
146,0.1052352,0.1052593,0.1052571,0.05264063,0.6316077
147,0.105234,0.1052595,0.105257,0.05264131,0.6316081
148,0.1052326,0.1052599,0.1052571,0.05264193,0.6316085
149,0.1052311,0.1052603,0.1052573,0.05264253,0.6316088
150,0.1052296,0.1052609,0.1052578,0.05264308,0.6316087
151,0.105228,0.1052616,0.1052584,0.05264352,0.6316085
152,0.1052265,0.1052623,0.1052591,0.05264389,0.6316082
153,0.105225,0.1052631,0.10526,0.05264419,0.6316077
154,0.1052236,0.1052639,0.1052611,0.05264433,0.631607
155,0.1052225,0.1052648,0.1052622,0.05264439,0.6316062
156,0.1052215,0.1052656,0.1052633,0.05264433,0.6316051
157,0.1052208,0.1052665,0.1052646,0.05264413,0.631604
158,0.1052204,0.1052673,0.1052657,0.0526438,0.6316028
159,0.1052203,0.105268,0.1052669,0.05264337,0.6316015
160,0.1052205,0.1052686,0.105268,0.05264281,0.6316001
161,0.105221,0.1052691,0.105269,0.05264215,0.6315988
162,0.1052218,0.1052694,0.1052699,0.05264137,0.6315975
163,0.1052231,0.1052696,0.1052706,0.05264053,0.6315961
164,0.1052246,0.1052697,0.1052712,0.05263961,0.6315949
165,0.1052264,0.1052696,0.1052716,0.05263864,0.6315938
166,0.1052285,0.1052694,0.1052717,0.05263764,0.6315928
167,0.1052307,0.1052689,0.1052716,0.0526366,0.6315921
168,0.1052333,0.1052684,0.1052714,0.05263564,0.6315913
169,0.1052359,0.1052677,0.1052709,0.05263467,0.6315908
170,0.1052386,0.105267,0.1052702,0.05263375,0.6315905
171,0.1052413,0.1052661,0.1052693,0.05263291,0.6315905
172,0.1052439,0.1052651,0.1052682,0.05263215,0.6315905
173,0.1052465,0.1052641,0.1052671,0.05263153,0.6315908
174,0.1052488,0.1052631,0.1052657,0.05263101,0.6315914
175,0.1052509,0.105262,0.1052643,0.05263061,0.6315922
176,0.1052527,0.105261,0.1052629,0.05263037,0.631593
177,0.1052542,0.1052601,0.1052615,0.05263031,0.6315939
178,0.1052553,0.1052593,0.1052601,0.05263037,0.631595
179,0.105256,0.1052585,0.1052588,0.05263057,0.6315962
180,0.1052562,0.1052579,0.1052576,0.05263093,0.6315974
181,0.105256,0.1052574,0.1052565,0.05263142,0.6315987
182,0.1052554,0.1052572,0.1052556,0.05263204,0.6315997
183,0.1052543,0.1052571,0.105255,0.05263277,0.631601
184,0.1052528,0.1052572,0.1052545,0.05263359,0.6316019
185,0.1052509,0.1052575,0.1052543,0.05263447,0.6316029
186,0.1052486,0.1052579,0.1052544,0.05263541,0.6316037
187,0.105246,0.1052585,0.1052547,0.05263637,0.6316044
188,0.1052432,0.1052594,0.1052553,0.05263736,0.6316048
189,0.1052402,0.1052604,0.1052561,0.05263833,0.631605
190,0.105237,0.1052615,0.1052572,0.05263925,0.631605
191,0.1052338,0.1052627,0.1052584,0.05264012,0.631605
192,0.1052307,0.1052639,0.1052599,0.05264091,0.6316047
193,0.1052276,0.1052652,0.1052614,0.05264158,0.6316042
194,0.1052247,0.1052665,0.1052631,0.05264215,0.6316035
195,0.1052221,0.1052678,0.1052649,0.05264262,0.6316026
196,0.1052198,0.105269,0.1052667,0.05264293,0.6316016
197,0.1052178,0.1052702,0.1052684,0.05264311,0.6316005
198,0.1052163,0.1052712,0.1052701,0.05264314,0.6315992
199,0.1052152,0.105272,0.1052716,0.05264301,0.6315982
200,0.1052145,0.1052727,0.105273,0.05264277,0.631597
201,0.1052144,0.1052732,0.1052742,0.05264242,0.6315957
202,0.1052147,0.1052735,0.1052752,0.05264193,0.6315947
203,0.1052156,0.1052736,0.1052759,0.05264136,0.6315936
204,0.1052169,0.1052734,0.1052763,0.0526407,0.6315928
205,0.1052186,0.1052729,0.1052763,0.05263997,0.6315922
206,0.1052207,0.1052723,0.1052761,0.05263922,0.6315916
207,0.1052231,0.1052715,0.1052756,0.05263845,0.6315914
208,0.1052258,0.1052705,0.1052748,0.05263768,0.6315913
209,0.1052287,0.1052693,0.1052737,0.05263694,0.6315914
210,0.1052317,0.105268,0.1052723,0.05263627,0.6315917
211,0.1052347,0.1052666,0.1052707,0.05263564,0.6315923
212,0.1052377,0.1052651,0.1052689,0.05263511,0.6315932
213,0.1052406,0.1052636,0.105267,0.0526347,0.6315941
214,0.1052433,0.1052621,0.1052649,0.05263439,0.6315953
215,0.1052457,0.1052606,0.1052629,0.0526342,0.6315966
216,0.1052478,0.1052593,0.1052608,0.05263415,0.631598
217,0.1052494,0.105258,0.1052588,0.05263423,0.6315995
218,0.1052508,0.105257,0.105257,0.05263445,0.6316009
219,0.1052516,0.105256,0.1052552,0.05263476,0.6316025
220,0.1052518,0.1052553,0.1052537,0.0526352,0.6316039
221,0.1052517,0.1052549,0.1052525,0.05263574,0.6316052
222,0.1052511,0.1052547,0.1052515,0.05263638,0.6316063
223,0.1052499,0.1052548,0.1052509,0.05263705,0.6316074
224,0.1052484,0.1052551,0.1052506,0.05263777,0.6316082
225,0.1052464,0.1052556,0.1052507,0.0526385,0.6316088
226,0.1052442,0.1052564,0.1052511,0.05263922,0.6316091
227,0.1052416,0.1052574,0.1052519,0.05263991,0.6316091
228,0.1052389,0.1052587,0.105253,0.05264056,0.6316089
229,0.1052361,0.10526,0.1052544,0.05264112,0.6316084
230,0.1052332,0.1052615,0.1052561,0.05264159,0.6316075
231,0.1052304,0.1052631,0.105258,0.05264193,0.6316065
232,0.1052277,0.1052648,0.1052601,0.05264213,0.6316052
233,0.1052253,0.1052664,0.1052624,0.05264221,0.6316037
234,0.1052231,0.105268,0.1052647,0.05264213,0.631602
235,0.1052213,0.1052696,0.105267,0.05264189,0.6316001
236,0.10522,0.105271,0.1052693,0.05264151,0.6315982
237,0.1052191,0.1052722,0.1052715,0.05264097,0.6315963
238,0.1052187,0.1052733,0.1052735,0.0526403,0.6315942
239,0.1052188,0.1052741,0.1052753,0.05263953,0.6315923
240,0.1052195,0.1052747,0.1052767,0.05263861,0.6315905
241,0.1052207,0.105275,0.105278,0.05263766,0.6315888
242,0.1052223,0.105275,0.1052787,0.05263662,0.6315874
243,0.1052244,0.1052747,0.1052792,0.05263558,0.6315861
244,0.1052269,0.1052741,0.1052792,0.05263451,0.6315853
245,0.1052298,0.1052733,0.1052789,0.0526335,0.6315846
246,0.1052329,0.1052722,0.1052781,0.05263254,0.6315843
247,0.1052361,0.1052709,0.105277,0.05263166,0.6315843
248,0.1052395,0.1052694,0.1052755,0.05263091,0.6315848
249,0.1052428,0.1052677,0.1052736,0.05263029,0.6315856
250,0.1052459,0.105266,0.1052715,0.05262984,0.6315867
251,0.1052489,0.1052641,0.1052692,0.05262957,0.6315882
252,0.1052516,0.1052623,0.1052667,0.05262951,0.6315898
253,0.1052539,0.1052605,0.1052641,0.05262965,0.6315918
254,0.1052558,0.1052588,0.1052616,0.05263001,0.6315938
255,0.105257,0.1052573,0.105259,0.05263057,0.6315961
256,0.1052578,0.1052559,0.1052566,0.05263132,0.6315985
257,0.1052578,0.1052547,0.1052543,0.05263227,0.6316009
258,0.1052573,0.1052538,0.1052523,0.05263339,0.6316032
259,0.1052561,0.1052532,0.1052506,0.05263463,0.6316055
260,0.1052543,0.1052529,0.1052492,0.05263599,0.6316076
261,0.1052518,0.1052529,0.1052483,0.05263744,0.6316096
262,0.1052488,0.1052533,0.1052477,0.05263897,0.6316112
263,0.1052454,0.1052539,0.1052477,0.05264049,0.6316125
264,0.1052415,0.1052549,0.1052481,0.052642,0.6316136
265,0.1052373,0.1052562,0.1052489,0.05264342,0.6316141
266,0.105233,0.1052577,0.1052502,0.05264476,0.6316143
267,0.1052285,0.1052595,0.1052519,0.05264597,0.631614
268,0.1052241,0.1052614,0.105254,0.05264698,0.6316135
269,0.1052198,0.1052635,0.1052564,0.05264781,0.6316124
270,0.1052158,0.1052656,0.1052591,0.05264843,0.631611
271,0.1052122,0.1052678,0.1052619,0.05264878,0.6316093
272,0.1052091,0.1052699,0.1052649,0.05264888,0.6316073
273,0.1052065,0.1052719,0.1052679,0.0526487,0.6316049
274,0.1052047,0.1052737,0.1052709,0.05264825,0.6316024
275,0.1052035,0.1052754,0.1052738,0.05264754,0.6315998
276,0.1052032,0.1052768,0.1052765,0.0526466,0.631597
277,0.1052036,0.1052778,0.1052788,0.05264539,0.6315944
278,0.1052049,0.1052786,0.1052808,0.052644,0.6315918
279,0.105207,0.1052789,0.1052824,0.05264241,0.6315892
280,0.1052098,0.1052789,0.1052835,0.0526407,0.6315871
281,0.1052133,0.1052785,0.1052842,0.0526389,0.6315851
282,0.1052175,0.1052777,0.1052843,0.05263701,0.6315835
283,0.1052223,0.1052766,0.1052838,0.05263512,0.6315821
284,0.1052275,0.1052751,0.1052829,0.05263326,0.6315812
285,0.105233,0.1052733,0.1052814,0.05263152,0.6315808
286,0.1052387,0.1052712,0.1052794,0.05262987,0.6315808
287,0.1052444,0.1052689,0.105277,0.05262838,0.6315813
288,0.10525,0.1052664,0.1052742,0.05262713,0.6315823
289,0.1052554,0.1052639,0.1052711,0.0526261,0.6315836
290,0.1052603,0.1052613,0.1052677,0.05262532,0.6315854
291,0.1052647,0.1052587,0.1052642,0.05262486,0.6315876
292,0.1052685,0.1052562,0.1052606,0.05262468,0.6315899
293,0.1052715,0.105254,0.105257,0.05262483,0.6315926
294,0.1052737,0.1052519,0.1052536,0.0526253,0.6315955
295,0.1052749,0.1052502,0.1052504,0.05262604,0.6315985
296,0.1052752,0.1052488,0.1052476,0.05262709,0.6316013
297,0.1052744,0.1052478,0.105245,0.05262839,0.6316043
298,0.1052727,0.1052472,0.105243,0.05262992,0.6316071
299,0.1052701,0.1052471,0.1052415,0.05263165,0.6316096
300,0.1052665,0.1052474,0.1052407,0.05263353,0.6316119
301,0.1052621,0.1052482,0.1052404,0.05263549,0.6316138
302,0.105257,0.1052494,0.1052407,0.05263751,0.6316155
303,0.1052513,0.1052511,0.1052417,0.05263954,0.6316164
304,0.1052451,0.1052532,0.1052433,0.05264153,0.6316168
305,0.1052386,0.1052555,0.1052455,0.05264338,0.631617
306,0.105232,0.1052582,0.1052482,0.05264513,0.6316164
307,0.1052254,0.1052611,0.1052515,0.05264664,0.6316154
308,0.1052189,0.1052641,0.1052551,0.05264793,0.6316139
309,0.1052129,0.1052672,0.105259,0.05264894,0.631612
310,0.1052074,0.1052703,0.1052632,0.05264965,0.6316095
311,0.1052024,0.1052732,0.1052674,0.05265002,0.6316069
312,0.1051983,0.105276,0.1052716,0.05265007,0.631604
313,0.1051952,0.1052786,0.1052758,0.0526498,0.6316007
314,0.105193,0.1052808,0.1052797,0.05264919,0.6315973
315,0.1051919,0.1052826,0.1052832,0.05264826,0.631594
316,0.1051919,0.105284,0.1052863,0.05264704,0.6315907
317,0.105193,0.1052849,0.1052889,0.05264557,0.6315876
318,0.1051953,0.1052853,0.1052909,0.0526439,0.6315847
319,0.1051986,0.1052851,0.1052922,0.05264202,0.6315821
320,0.1052028,0.1052844,0.1052927,0.05264002,0.6315801
321,0.1052079,0.1052831,0.1052926,0.05263796,0.6315785
322,0.1052138,0.1052814,0.1052917,0.0526359,0.6315771
323,0.1052202,0.1052792,0.10529,0.05263387,0.6315767
324,0.1052271,0.1052766,0.1052877,0.05263194,0.6315767
325,0.1052343,0.1052736,0.1052847,0.05263017,0.6315773
326,0.1052414,0.1052703,0.1052811,0.05262861,0.6315784
327,0.1052485,0.1052669,0.1052771,0.0526273,0.6315802
328,0.1052553,0.1052634,0.1052727,0.05262627,0.6315824
329,0.1052615,0.1052598,0.1052679,0.05262557,0.6315851
330,0.1052671,0.1052563,0.105263,0.05262521,0.6315883
331,0.1052718,0.105253,0.105258,0.05262521,0.6315919
332,0.1052756,0.10525,0.1052532,0.05262558,0.6315956
333,0.1052783,0.1052473,0.1052486,0.05262629,0.6315994
334,0.1052798,0.105245,0.1052444,0.05262735,0.6316034
335,0.1052802,0.1052433,0.1052406,0.05262872,0.6316072
336,0.1052792,0.105242,0.1052373,0.05263036,0.631611
337,0.1052771,0.1052414,0.1052348,0.05263225,0.6316144
338,0.1052738,0.1052414,0.1052331,0.0526343,0.6316175
339,0.1052694,0.105242,0.1052321,0.05263651,0.63162
340,0.105264,0.1052432,0.105232,0.05263877,0.631622
341,0.1052577,0.105245,0.1052327,0.05264106,0.6316236
342,0.1052509,0.1052473,0.1052343,0.05264325,0.6316243
343,0.1052434,0.1052502,0.1052367,0.05264533,0.6316244
344,0.1052357,0.1052534,0.1052399,0.05264722,0.6316237
345,0.1052279,0.105257,0.1052438,0.05264888,0.6316223
346,0.1052202,0.1052609,0.1052483,0.05265022,0.6316203
347,0.1052129,0.1052649,0.1052533,0.05265122,0.6316177
348,0.1052061,0.1052689,0.1052587,0.05265186,0.6316144
349,0.1052001,0.1052729,0.1052643,0.05265209,0.6316106
350,0.1051949,0.1052767,0.1052699,0.0526519,0.6316066
351,0.1051909,0.1052802,0.1052755,0.0526513,0.6316021
352,0.1051881,0.1052834,0.1052809,0.05265027,0.6315973
353,0.1051866,0.1052861,0.1052859,0.05264886,0.6315926
354,0.1051863,0.1052882,0.1052903,0.05264705,0.631588
355,0.1051876,0.1052897,0.1052941,0.05264496,0.6315836
356,0.1051902,0.1052906,0.1052973,0.05264261,0.6315792
357,0.1051941,0.1052908,0.1052995,0.05264003,0.6315755
358,0.1051993,0.1052903,0.1053009,0.0526373,0.6315722
359,0.1052056,0.105289,0.1053012,0.0526345,0.6315696
360,0.1052129,0.1052871,0.1053006,0.05263172,0.6315677
361,0.1052209,0.1052846,0.105299,0.05262902,0.6315664
362,0.1052296,0.1052814,0.1052965,0.05262647,0.631566
363,0.1052385,0.1052778,0.105293,0.05262412,0.6315666
364,0.1052476,0.1052738,0.1052887,0.05262213,0.6315678
365,0.1052564,0.1052694,0.1052837,0.05262044,0.6315701
366,0.1052649,0.1052648,0.1052781,0.0526192,0.6315729
367,0.1052728,0.1052602,0.105272,0.05261839,0.6315766
368,0.1052798,0.1052556,0.1052657,0.05261809,0.6315809
369,0.1052857,0.1052512,0.1052592,0.05261831,0.6315856
370,0.1052903,0.1052471,0.1052528,0.05261904,0.6315908
371,0.1052935,0.1052434,0.1052465,0.05262027,0.6315963
372,0.1052952,0.1052402,0.1052407,0.05262197,0.6316019
373,0.1052952,0.1052377,0.1052354,0.05262416,0.6316075
374,0.1052936,0.1052358,0.1052309,0.05262673,0.631613
375,0.1052904,0.1052347,0.1052272,0.05262966,0.631618
376,0.1052856,0.1052344,0.1052244,0.05263286,0.6316227
377,0.1052794,0.1052349,0.1052227,0.05263625,0.6316268
378,0.1052717,0.1052362,0.105222,0.05263976,0.6316304
379,0.1052629,0.1052383,0.1052225,0.0526433,0.631633
380,0.1052531,0.1052412,0.1052242,0.05264676,0.6316347
381,0.1052427,0.1052448,0.105227,0.05265006,0.6316354
382,0.1052318,0.1052489,0.1052308,0.0526531,0.6316353
383,0.1052207,0.1052536,0.1052357,0.05265582,0.6316342
384,0.1052099,0.1052586,0.1052413,0.05265811,0.6316321
385,0.1051994,0.1052639,0.1052477,0.05265993,0.6316289
386,0.1051897,0.1052693,0.1052547,0.0526612,0.6316251
387,0.105181,0.1052747,0.105262,0.05266188,0.6316204
388,0.1051735,0.1052798,0.1052695,0.05266194,0.6316153
389,0.1051676,0.1052847,0.105277,0.05266142,0.6316092
390,0.1051632,0.1052891,0.1052843,0.05266023,0.6316032
391,0.1051608,0.1052929,0.1052912,0.05265846,0.6315967
392,0.1051602,0.105296,0.1052974,0.05265613,0.6315902
393,0.1051616,0.1052983,0.1053029,0.05265328,0.6315839
394,0.105165,0.1052998,0.1053074,0.05264996,0.6315779
395,0.1051703,0.1053003,0.1053108,0.0526463,0.6315723
396,0.1051774,0.1052999,0.105313,0.05264236,0.6315674
397,0.1051861,0.1052985,0.105314,0.05263822,0.6315632
398,0.1051964,0.1052961,0.1053136,0.05263402,0.6315598
399,0.1052077,0.1052929,0.1053119,0.05262982,0.6315576
400,0.1052202,0.1052889,0.1053089,0.05262579,0.6315562
401,0.1052332,0.1052841,0.1053046,0.052622,0.6315561
402,0.1052465,0.1052788,0.1052992,0.05261857,0.631557
403,0.1052597,0.1052729,0.1052928,0.05261555,0.631559
404,0.1052726,0.1052667,0.1052854,0.05261306,0.6315622
405,0.1052847,0.1052604,0.1052775,0.05261118,0.6315663
406,0.1052958,0.1052541,0.1052689,0.05260996,0.6315713
407,0.1053054,0.1052479,0.1052602,0.05260942,0.6315771
408,0.1053134,0.1052421,0.1052514,0.05260962,0.6315836
409,0.1053194,0.1052368,0.1052428,0.05261052,0.6315904
410,0.1053234,0.1052321,0.1052346,0.05261213,0.6315978
411,0.1053252,0.1052282,0.1052271,0.05261442,0.631605
412,0.1053246,0.1052253,0.1052204,0.05261732,0.6316124
413,0.1053217,0.1052233,0.1052149,0.0526208,0.6316193
414,0.1053165,0.1052223,0.1052106,0.05262472,0.6316258
415,0.1053092,0.1052226,0.1052076,0.05262903,0.6316316
416,0.1052998,0.1052239,0.1052061,0.05263358,0.6316367
417,0.1052886,0.1052264,0.1052062,0.05263831,0.6316406
418,0.1052758,0.1052298,0.1052078,0.05264303,0.6316436
419,0.1052618,0.1052344,0.105211,0.05264768,0.6316451
420,0.1052469,0.1052397,0.1052156,0.05265205,0.6316457
421,0.1052316,0.1052458,0.1052216,0.0526561,0.6316448
422,0.1052162,0.1052525,0.1052289,0.05265969,0.6316427
423,0.105201,0.1052597,0.1052372,0.05266272,0.6316393
424,0.1051866,0.1052671,0.1052464,0.05266509,0.6316348
425,0.1051733,0.1052746,0.1052563,0.05266675,0.6316292
426,0.1051614,0.1052818,0.1052665,0.05266764,0.6316226
427,0.1051514,0.1052888,0.1052768,0.05266771,0.6316153
428,0.1051434,0.1052952,0.1052869,0.05266698,0.6316075
429,0.1051378,0.1053009,0.1052966,0.05266546,0.6315992
430,0.1051347,0.1053057,0.1053056,0.05266315,0.6315908
431,0.1051342,0.1053095,0.1053137,0.05266014,0.6315824
432,0.1051364,0.1053122,0.1053206,0.05265649,0.6315744
433,0.1051412,0.1053136,0.105326,0.05265227,0.6315669
434,0.1051486,0.1053137,0.1053299,0.05264761,0.63156
435,0.1051584,0.1053126,0.1053321,0.05264262,0.6315542
436,0.1051703,0.1053101,0.1053326,0.05263745,0.6315495
437,0.1051842,0.1053064,0.1053312,0.05263221,0.631546
438,0.1051995,0.1053015,0.105328,0.05262708,0.6315439
439,0.105216,0.1052956,0.1053231,0.05262218,0.6315432
440,0.1052331,0.1052888,0.1053166,0.05261764,0.6315438
441,0.1052506,0.1052812,0.1053085,0.05261359,0.6315462
442,0.1052678,0.105273,0.1052991,0.05261014,0.6315498
443,0.1052844,0.1052646,0.1052887,0.05260741,0.6315549
444,0.1052999,0.1052559,0.1052775,0.05260547,0.6315613
445,0.1053138,0.1052474,0.1052658,0.05260443,0.6315686
446,0.1053257,0.1052392,0.1052538,0.05260425,0.6315771
447,0.1053353,0.1052317,0.1052419,0.05260501,0.6315861
448,0.1053424,0.1052248,0.1052305,0.05260668,0.6315957
449,0.1053466,0.1052189,0.1052198,0.05260923,0.6316055
450,0.1053479,0.1052141,0.1052101,0.05261259,0.6316153
451,0.1053461,0.1052107,0.1052017,0.05261672,0.6316248
452,0.1053414,0.1052087,0.1051949,0.05262149,0.6316336
453,0.1053336,0.105208,0.1051899,0.05262677,0.6316418
454,0.105323,0.1052089,0.1051867,0.05263241,0.631649
455,0.1053099,0.1052113,0.1051856,0.05263829,0.631655
456,0.1052947,0.1052152,0.1051866,0.05264427,0.6316592
457,0.1052776,0.1052205,0.1051897,0.05265016,0.6316621
458,0.1052591,0.105227,0.1051949,0.05265577,0.6316633
459,0.1052397,0.1052346,0.105202,0.052661,0.6316626
460,0.1052199,0.1052432,0.1052108,0.05266565,0.6316603
461,0.1052003,0.1052524,0.1052213,0.05266961,0.6316562
462,0.1051814,0.1052622,0.1052331,0.05267277,0.6316506
463,0.1051637,0.1052721,0.1052459,0.05267499,0.6316433
464,0.1051477,0.105282,0.1052594,0.05267622,0.6316348
465,0.1051339,0.1052915,0.1052731,0.05267638,0.6316251
466,0.1051226,0.1053004,0.1052869,0.05267551,0.6316144
467,0.1051142,0.1053085,0.1053003,0.05267352,0.6316035
468,0.1051091,0.1053156,0.1053128,0.05267054,0.631592
469,0.1051073,0.1053213,0.1053244,0.05266658,0.6315804
470,0.1051091,0.1053257,0.1053344,0.05266176,0.631569
471,0.1051143,0.1053284,0.1053427,0.05265617,0.6315585
472,0.1051229,0.1053295,0.105349,0.05264995,0.6315487
473,0.1051348,0.1053288,0.1053532,0.05264328,0.6315399
474,0.1051495,0.1053264,0.105355,0.05263628,0.6315328
475,0.1051669,0.1053223,0.1053544,0.05262922,0.6315272
476,0.1051865,0.1053165,0.1053514,0.0526222,0.6315234
477,0.1052077,0.1053093,0.1053459,0.05261547,0.6315216
478,0.1052301,0.1053008,0.1053383,0.05260921,0.6315216
479,0.1052531,0.1052911,0.1053285,0.05260357,0.6315237
480,0.1052759,0.1052806,0.1053169,0.05259872,0.6315278
481,0.1052981,0.1052695,0.1053037,0.05259484,0.6315339
482,0.1053189,0.1052581,0.1052892,0.05259203,0.6315417
483,0.1053378,0.1052467,0.1052737,0.05259035,0.6315514
484,0.1053543,0.1052356,0.1052579,0.05258993,0.6315622
485,0.1053679,0.1052251,0.105242,0.05259078,0.6315742
486,0.1053781,0.1052155,0.1052263,0.05259287,0.6315872
487,0.1053846,0.1052071,0.1052115,0.05259619,0.6316006
488,0.1053872,0.1052001,0.1051979,0.05260069,0.6316141
489,0.1053857,0.1051947,0.1051859,0.05260625,0.6316274
490,0.1053801,0.1051911,0.1051758,0.05261275,0.6316403
491,0.1053705,0.1051895,0.1051679,0.05262005,0.631652
492,0.105357,0.1051898,0.1051625,0.05262793,0.6316627
493,0.10534,0.1051922,0.1051598,0.0526362,0.6316718
494,0.1053199,0.1051966,0.1051599,0.05264469,0.6316788
495,0.1052972,0.1052029,0.1051628,0.05265312,0.631684
496,0.1052723,0.105211,0.1051685,0.05266129,0.6316869
497,0.105246,0.1052206,0.1051769,0.05266898,0.6316875
498,0.105219,0.1052316,0.1051878,0.05267597,0.6316857
499,0.1051919,0.1052436,0.1052009,0.05268205,0.6316816
500,0.1051655,0.1052565,0.105216,0.05268708,0.631675
501,0.1051405,0.1052697,0.1052325,0.05269089,0.6316664
502,0.1051176,0.1052831,0.1052503,0.05269333,0.6316558
503,0.1050975,0.1052961,0.1052686,0.05269434,0.6316435
504,0.1050807,0.1053085,0.1052872,0.05269388,0.6316297
505,0.1050677,0.1053199,0.1053054,0.05269189,0.6316151
506,0.105059,0.10533,0.1053229,0.05268848,0.6315997
507,0.1050548,0.1053385,0.105339,0.05268364,0.631584
508,0.1050553,0.1053452,0.1053533,0.0526775,0.6315686
509,0.1050607,0.1053497,0.1053655,0.05267021,0.6315538
510,0.1050708,0.1053521,0.1053752,0.05266195,0.6315398
511,0.1050855,0.1053522,0.1053821,0.05265293,0.6315272
512,0.1051044,0.1053499,0.1053859,0.05264334,0.6315165
513,0.1051272,0.1053452,0.1053865,0.05263348,0.6315077
514,0.1051532,0.1053384,0.1053838,0.05262358,0.631501
515,0.1051818,0.1053294,0.1053779,0.05261385,0.6314971
516,0.1052124,0.1053186,0.1053688,0.05260463,0.6314955
517,0.105244,0.1053061,0.1053569,0.05259615,0.6314969
518,0.105276,0.1052923,0.1053422,0.05258863,0.6315009
519,0.1053074,0.1052775,0.1053252,0.05258227,0.6315076
520,0.1053374,0.1052622,0.1053063,0.05257729,0.6315168
521,0.1053653,0.1052467,0.105286,0.05257383,0.6315282
522,0.1053901,0.1052314,0.1052647,0.052572,0.6315417
523,0.1054113,0.1052167,0.1052431,0.05257184,0.631557
524,0.1054281,0.1052031,0.1052218,0.05257347,0.6315736
525,0.10544,0.1051909,0.1052012,0.05257677,0.6315911
526,0.1054467,0.1051804,0.1051819,0.05258174,0.6316092
527,0.1054479,0.1051721,0.1051646,0.05258824,0.6316273
528,0.1054434,0.1051661,0.1051497,0.05259615,0.6316447
529,0.1054334,0.1051626,0.1051377,0.05260525,0.6316611
530,0.1054179,0.1051618,0.1051288,0.05261534,0.6316761
531,0.1053974,0.1051638,0.1051235,0.05262615,0.6316892
532,0.1053722,0.1051685,0.1051218,0.05263738,0.6317001
533,0.105343,0.1051758,0.105124,0.05264875,0.6317084
534,0.1053106,0.1051857,0.10513,0.05266002,0.6317136
535,0.1052757,0.1051978,0.1051397,0.05267079,0.631716
536,0.1052392,0.1052119,0.1051529,0.0526808,0.6317151
537,0.1052021,0.1052277,0.1051694,0.05268978,0.6317112
538,0.1051654,0.1052447,0.1051887,0.05269749,0.6317037
539,0.10513,0.1052625,0.1052102,0.05270367,0.6316936
540,0.1050969,0.1052806,0.1052336,0.05270814,0.6316807
541,0.1050671,0.1052986,0.1052582,0.05271078,0.6316653
542,0.1050413,0.105316,0.1052833,0.05271144,0.6316479
543,0.1050204,0.1053322,0.1053084,0.05271014,0.6316289
544,0.1050048,0.1053469,0.1053326,0.05270687,0.6316088
545,0.1049953,0.1053596,0.1053554,0.05270167,0.6315881
546,0.104992,0.1053699,0.1053761,0.05269467,0.6315674
547,0.1049951,0.1053775,0.1053941,0.05268602,0.6315473
548,0.1050047,0.1053823,0.1054089,0.05267597,0.6315281
549,0.1050206,0.105384,0.1054201,0.0526647,0.6315106
550,0.1050425,0.1053824,0.1054273,0.05265256,0.6314952
551,0.1050698,0.1053778,0.1054303,0.05263984,0.6314822
552,0.105102,0.10537,0.1054289,0.0526269,0.6314722
553,0.1051382,0.1053593,0.105423,0.05261404,0.6314654
554,0.1051775,0.1053459,0.1054129,0.05260165,0.631462
555,0.105219,0.1053301,0.1053986,0.05259005,0.6314622
556,0.1052615,0.1053124,0.1053805,0.05257957,0.631466
557,0.1053039,0.1052931,0.1053591,0.05257049,0.6314734
558,0.1053451,0.1052727,0.1053348,0.05256311,0.6314843
559,0.1053839,0.1052518,0.1053082,0.05255761,0.6314985
560,0.1054193,0.105231,0.10528,0.05255421,0.6315155
561,0.1054503,0.1052106,0.1052509,0.05255301,0.6315352
562,0.105476,0.1051915,0.1052219,0.05255412,0.6315566
563,0.1054954,0.1051739,0.1051934,0.05255744,0.6315798
564,0.1055082,0.1051586,0.1051664,0.05256305,0.6316038
565,0.1055137,0.1051458,0.1051417,0.05257073,0.6316281
566,0.1055119,0.105136,0.1051198,0.05258035,0.631652
567,0.1055024,0.1051295,0.1051014,0.05259166,0.631675
568,0.1054857,0.1051266,0.1050872,0.0526044,0.6316961
569,0.1054619,0.1051272,0.1050776,0.05261824,0.631715
570,0.1054317,0.1051317,0.1050728,0.05263285,0.6317311
571,0.1053957,0.1051397,0.1050731,0.0526478,0.6317437
572,0.1053548,0.1051513,0.1050786,0.05266271,0.6317526
573,0.1053101,0.1051661,0.1050892,0.05267718,0.6317575
574,0.1052628,0.1051837,0.1051046,0.0526908,0.631758
575,0.105214,0.1052039,0.1051247,0.05270319,0.6317542
576,0.1051651,0.1052259,0.1051488,0.05271398,0.6317462
577,0.1051173,0.1052493,0.1051764,0.05272285,0.6317341
578,0.1050721,0.1052736,0.1052068,0.05272957,0.631718
579,0.1050306,0.1052979,0.1052391,0.05273386,0.6316985
580,0.1049941,0.1053217,0.1052727,0.0527356,0.631676
581,0.1049635,0.1053443,0.1053066,0.0527347,0.6316509
582,0.1049398,0.1053651,0.1053398,0.05273116,0.6316242
583,0.1049237,0.1053835,0.1053715,0.05272499,0.6315963
584,0.1049158,0.1053989,0.1054008,0.05271634,0.6315683
585,0.1049164,0.105411,0.1054268,0.05270542,0.6315403
586,0.1049256,0.1054193,0.1054489,0.05269244,0.6315137
587,0.1049434,0.1054236,0.1054664,0.05267778,0.6314888
588,0.1049694,0.1054236,0.1054788,0.05266178,0.6314664
589,0.1050029,0.1054193,0.1054856,0.05264482,0.6314473
590,0.1050433,0.1054109,0.1054865,0.05262735,0.631432
591,0.1050895,0.1053984,0.1054817,0.05260988,0.6314205
592,0.1051405,0.1053821,0.1054708,0.05259283,0.6314138
593,0.1051948,0.1053624,0.1054543,0.05257669,0.6314117
594,0.1052512,0.1053398,0.1054325,0.05256189,0.6314145
595,0.1053081,0.1053149,0.1054058,0.05254887,0.6314223
596,0.105364,0.1052882,0.1053749,0.05253798,0.6314349
597,0.1054175,0.1052604,0.1053406,0.05252958,0.6314519
598,0.1054669,0.1052324,0.1053037,0.05252391,0.6314731
599,0.1055109,0.1052048,0.1052652,0.05252117,0.631498
600,0.1055482,0.1051783,0.105226,0.0525215,0.6315261
601,0.1055776,0.1051537,0.1051873,0.05252495,0.6315563
602,0.1055983,0.1051316,0.10515,0.05253145,0.6315886
603,0.1056096,0.1051128,0.1051152,0.05254088,0.6316216
604,0.1056108,0.1050977,0.1050838,0.05255305,0.6316546
605,0.105602,0.1050869,0.1050569,0.05256771,0.6316864
606,0.1055832,0.1050807,0.1050351,0.05258448,0.6317165
607,0.1055546,0.1050794,0.1050191,0.05260294,0.6317438
608,0.105517,0.105083,0.1050096,0.05262263,0.6317678
609,0.1054711,0.1050916,0.1050067,0.05264304,0.6317874
610,0.1054181,0.105105,0.1050109,0.05266365,0.6318023
611,0.1053594,0.105123,0.105022,0.05268391,0.6318118
612,0.1052964,0.105145,0.1050398,0.05270323,0.6318156
613,0.1052308,0.1051707,0.105064,0.05272112,0.6318135
614,0.1051641,0.1051993,0.1050939,0.05273704,0.6318055
615,0.1050984,0.1052301,0.105129,0.05275054,0.6317919
616,0.1050354,0.1052624,0.1051683,0.05276122,0.6317728
617,0.1049767,0.1052952,0.1052108,0.05276879,0.6317484
618,0.1049239,0.1053277,0.1052554,0.05277291,0.63172
619,0.1048788,0.105359,0.1053009,0.0527735,0.6316878
620,0.1048424,0.1053883,0.1053462,0.05277044,0.6316526
621,0.104816,0.1054146,0.10539,0.05276377,0.6316158
622,0.1048003,0.1054373,0.105431,0.05275363,0.6315778
623,0.104796,0.1054556,0.1054681,0.05274018,0.6315401
624,0.1048033,0.105469,0.1055005,0.05272381,0.6315033
625,0.1048224,0.1054773,0.1055269,0.05270487,0.6314685
626,0.1048528,0.1054799,0.1055468,0.05268385,0.6314368
627,0.1048938,0.1054768,0.1055594,0.05266127,0.6314088
628,0.1049447,0.1054679,0.1055643,0.05263767,0.6313853
629,0.1050042,0.1054535,0.1055613,0.05261372,0.6313673
630,0.1050708,0.1054337,0.1055504,0.05259003,0.631355
631,0.105143,0.1054092,0.1055316,0.05256724,0.631349
632,0.1052189,0.1053804,0.1055054,0.05254596,0.6313493
633,0.1052965,0.1053481,0.1054724,0.0525268,0.6313562
634,0.1053737,0.1053131,0.1054333,0.05251026,0.6313697
635,0.1054485,0.1052762,0.1053891,0.05249684,0.6313894
636,0.1055189,0.1052384,0.1053409,0.05248697,0.6314149
637,0.1055828,0.1052006,0.1052898,0.05248093,0.6314459
638,0.1056385,0.105164,0.1052372,0.05247896,0.6314814
639,0.1056842,0.1051295,0.1051845,0.05248117,0.6315206
640,0.1057187,0.1050979,0.1051331,0.0524876,0.6315627
641,0.1057408,0.1050703,0.1050843,0.05249806,0.6316066
642,0.1057496,0.1050475,0.1050396,0.05251244,0.6316509
643,0.1057448,0.10503,0.1050002,0.05253032,0.6316946
644,0.1057262,0.1050186,0.1049674,0.05255137,0.6317365
645,0.1056941,0.1050136,0.104942,0.05257501,0.6317752
646,0.1056493,0.1050153,0.1049249,0.05260067,0.6318098
647,0.1055927,0.1050237,0.1049168,0.05262768,0.6318392
648,0.1055256,0.1050387,0.1049179,0.05265534,0.6318625
649,0.1054497,0.1050601,0.1049284,0.05268294,0.6318787
650,0.1053671,0.1050874,0.1049483,0.05270969,0.6318876
651,0.1052797,0.1051199,0.104977,0.05273487,0.6318886
652,0.1051899,0.1051568,0.105014,0.0527578,0.6318815
653,0.1051,0.1051973,0.1050583,0.05277781,0.6318666
654,0.1050125,0.1052402,0.1051089,0.05279429,0.6318443
655,0.1049297,0.1052844,0.1051645,0.05280675,0.6318147
656,0.1048539,0.1053287,0.1052237,0.05281483,0.6317789
657,0.1047872,0.105372,0.1052848,0.05281822,0.6317377
658,0.1047316,0.105413,0.1053463,0.05281675,0.6316923
659,0.1046886,0.1054506,0.1054066,0.05281043,0.6316438
660,0.1046596,0.1054838,0.1054639,0.05279934,0.6315933
661,0.1046456,0.1055115,0.1055168,0.0527837,0.6315424
662,0.104647,0.105533,0.1055637,0.05276385,0.6314924
663,0.1046643,0.1055476,0.1056033,0.05274033,0.6314446
664,0.1046971,0.1055548,0.1056345,0.05271367,0.6314
665,0.1047447,0.1055543,0.1056562,0.05268455,0.6313602
666,0.1048062,0.1055461,0.1056679,0.05265372,0.6313261
667,0.1048801,0.1055302,0.1056691,0.052622,0.6312987
668,0.1049647,0.105507,0.1056595,0.0525902,0.6312786
669,0.1050579,0.105477,0.1056393,0.05255918,0.6312667
670,0.1051573,0.105441,0.1056088,0.05252977,0.6312631
671,0.1052605,0.1053997,0.1055687,0.05250282,0.6312683
672,0.1053647,0.1053541,0.1055199,0.05247904,0.6312822
673,0.1054671,0.1053056,0.1054636,0.05245914,0.6313046
674,0.1055648,0.1052551,0.105401,0.05244368,0.6313354
675,0.1056553,0.105204,0.1053338,0.05243318,0.6313736
676,0.1057359,0.1051538,0.1052637,0.05242796,0.6314186
677,0.1058044,0.1051057,0.1051925,0.05242833,0.631469
678,0.1058585,0.105061,0.1051221,0.05243424,0.6315241
679,0.1058967,0.1050211,0.1050543,0.05244574,0.6315821
680,0.1059176,0.1049869,0.104991,0.05246254,0.6316419
681,0.1059203,0.1049597,0.1049342,0.05248432,0.6317015
682,0.1059045,0.1049401,0.1048853,0.05251054,0.6317596
683,0.1058704,0.104929,0.1048459,0.05254065,0.6318141
684,0.1058186,0.1049267,0.1048172,0.05257377,0.6318637
685,0.1057502,0.1049334,0.1048001,0.05260915,0.6319072
686,0.105667,0.1049493,0.1047954,0.05264588,0.6319425
687,0.1055708,0.1049739,0.1048034,0.05268293,0.631969
688,0.1054641,0.1050068,0.1048241,0.0527193,0.6319857
689,0.1053499,0.1050473,0.1048571,0.05275405,0.6319918
690,0.1052308,0.1050942,0.1049017,0.05278614,0.6319872
691,0.1051102,0.1051466,0.1049568,0.05281469,0.6319717
692,0.1049913,0.105203,0.1050212,0.05283885,0.6319457
693,0.1048773,0.1052619,0.1050931,0.05285792,0.6319098
694,0.1047712,0.1053217,0.1051708,0.05287126,0.6318649
695,0.1046761,0.1053809,0.1052522,0.05287845,0.6318123
696,0.1045947,0.1054379,0.1053351,0.05287924,0.631753
697,0.1045293,0.1054909,0.1054173,0.05287341,0.6316891
698,0.1044818,0.1055385,0.1054967,0.0528611,0.631622
699,0.1044538,0.1055794,0.1055709,0.05284254,0.6315533
700,0.1044464,0.1056124,0.1056381,0.05281812,0.6314849
701,0.1044599,0.1056365,0.1056963,0.05278841,0.6314189
702,0.1044944,0.1056509,0.1057438,0.05275413,0.6313568
703,0.1045493,0.1056551,0.1057792,0.05271616,0.6313002
704,0.1046235,0.105649,0.1058015,0.05267544,0.6312506
705,0.1047153,0.1056324,0.1058099,0.05263303,0.6312093
706,0.1048226,0.1056059,0.105804,0.05259005,0.6311775
707,0.1049427,0.1055698,0.1057836,0.0525476,0.6311561
708,0.1050728,0.1055251,0.1057492,0.05250685,0.631146
709,0.1052095,0.1054729,0.1057015,0.0524689,0.6311472
710,0.1053493,0.1054143,0.1056415,0.05243481,0.6311601
711,0.1054885,0.1053508,0.1055706,0.05240555,0.6311846
712,0.1056232,0.1052841,0.1054903,0.05238194,0.6312205
713,0.1057499,0.1052157,0.1054028,0.05236474,0.6312668
714,0.1058649,0.1051476,0.1053102,0.05235452,0.6313227
715,0.1059648,0.1050814,0.1052149,0.05235161,0.6313874
716,0.1060467,0.105019,0.1051193,0.05235626,0.6314587
717,0.1061081,0.1049621,0.1050261,0.05236847,0.6315353
