EwEVersion,"6.6.7.17812 (compiled 28/02/2022)"
Date,"26/02/2023 11:47:51 AM"
ModelName,CS_model_V1_110722
EcosimScenario,"New Ecosim scenario"
TimeSeries,(none)
StartYear,2020

Data,"Prey of Pipefishes"

year\group,"Western King Prawn","Other prawns","Sea snails",Polychaetes,Zooplankton,"Planktotrophic Larvae",Phytoplankton,
2020,0.0001019828,0.0001019386,0.009433498,0.04715748,0.5658991,0.1886699,0.1886361
2021,0.0001019835,0.0001019408,0.009434246,0.04715951,0.5658801,0.188702,0.1886202
2022,0.0001019631,0.0001019234,0.009432686,0.04715158,0.5659511,0.1886523,0.1886085
2023,0.0001019618,0.0001018956,0.009432097,0.04714216,0.5660231,0.1885934,0.1886055
2024,0.0001019789,0.0001019046,0.009434299,0.04714741,0.5659813,0.1886194,0.1886137
2025,0.0001019835,0.0001019254,0.009434921,0.0471553,0.565885,0.1886974,0.1886235
2026,0.0001019779,0.0001019203,0.009433976,0.04715197,0.565887,0.1887055,0.1886176
2027,0.000101974,0.0001019161,0.009434289,0.04714848,0.5659769,0.1886293,0.1886072
2028,0.0001019652,0.0001019264,0.009433919,0.04715084,0.5660116,0.1885913,0.1886085
2029,0.0001019698,0.0001019317,0.009433206,0.04715307,0.5659484,0.188646,0.1886153
2030,0.000101992,0.0001019388,0.009435122,0.04715714,0.5658728,0.1887096,0.1886214
2031,0.0001019868,0.0001019368,0.009435643,0.04715696,0.5658775,0.1887037,0.1886223
2032,0.000101964,0.0001019084,0.009433196,0.04714603,0.5659656,0.18864,0.1886113
2033,0.0001019743,0.0001019084,0.009434122,0.04714562,0.56601,0.1886006,0.1886059
2034,0.0001019878,0.0001019499,0.009436206,0.04716046,0.5659252,0.1886538,0.1886204
2035,0.0001019762,0.0001019493,0.009433978,0.04716015,0.5658472,0.1887277,0.1886271
2036,0.0001019814,0.0001019159,0.009433777,0.04714865,0.5659023,0.1886973,0.1886141
2037,0.0001019858,0.0001019227,0.009436268,0.04715121,0.5659803,0.1886174,0.1886109
2038,0.0001019625,0.0001019305,0.00943388,0.04715315,0.5659708,0.1886214,0.1886169
2039,0.0001019757,0.0001019219,0.009433052,0.04715039,0.565917,0.1886801,0.1886156
2040,0.0001020061,0.0001019491,0.009437392,0.04716102,0.5658686,0.1887071,0.1886219
2041,0.0001019731,0.000101947,0.009435073,0.04715948,0.5658856,0.1886909,0.188625
2042,0.0001019551,0.000101894,0.009431191,0.04713994,0.5659848,0.1886339,0.1886064
2043,0.0001019972,0.0001019202,0.009436614,0.04715022,0.565996,0.1886061,0.1886072
2044,0.000101986,0.0001019735,0.009437042,0.04716907,0.5658723,0.188686,0.1886317
2045,0.0001019584,0.0001019237,0.009430897,0.04715076,0.5658509,0.1887407,0.1886228
2046,0.0001020001,0.0001019034,0.009435656,0.04714466,0.565954,0.1886572,0.1886046
2047,0.0001019881,0.0001019562,0.00943847,0.04716301,0.5659681,0.188606,0.1886205
2048,0.000101937,0.0001019219,0.009429915,0.04714923,0.5659335,0.1886634,0.18862
2049,0.0001019988,0.000101903,0.009434006,0.04714422,0.5659253,0.1886862,0.1886064
2050,0.000102022,0.0001019834,0.009441575,0.04717378,0.5658635,0.1886872,0.1886299
2051,0.0001019306,0.0001019358,0.009430346,0.04715437,0.5658858,0.1886976,0.1886281
2052,0.0001019671,0.0001018539,0.009429927,0.04712586,0.566029,0.1886209,0.1885905
2053,0.0001020385,0.0001019698,0.009443468,0.04716906,0.5659669,0.1885993,0.1886172
2054,0.0001019421,0.0001019913,0.00943317,0.04717432,0.5658044,0.188737,0.1886472
2055,0.0001019482,0.0001018533,0.009426003,0.04712538,0.5659097,0.1887346,0.1886005
2056,0.0001020587,0.0001019338,0.009444224,0.04715702,0.5660034,0.1885895,0.1886019
2057,0.0001019475,0.0001020096,0.009437057,0.04718092,0.5658935,0.1886385,0.1886461
2058,0.0001019012,0.0001018456,0.009420884,0.04712102,0.5659363,0.1887148,0.1886032
2059,0.0001020825,0.000101912,0.009443511,0.04714972,0.5659735,0.1886353,0.188594
2060,0.0001019977,0.0001020695,0.009444642,0.04720392,0.5657967,0.1886887,0.188662
2061,0.0001018468,0.0001018458,0.009416175,0.04711989,0.5659077,0.1887397,0.1886129
2062,0.0001020628,0.0001018209,0.009437895,0.04711649,0.5661256,0.1885548,0.1885614
2063,0.0001020619,0.0001021124,0.009454082,0.04722062,0.5658533,0.1886065,0.1886614
2064,0.0001018125,0.0001019218,0.009415022,0.04714608,0.5657442,0.1888415,0.1886495
2065,0.0001020295,0.0001017398,0.009428377,0.04708689,0.5660825,0.1886526,0.1885457
2066,0.000102144,0.0001021049,0.009463958,0.04722027,0.5659621,0.1885086,0.1886407
2067,0.0001017767,0.0001020021,0.00941773,0.04717362,0.5657491,0.1887786,0.1886772
2068,0.000101944,0.0001016541,0.009413448,0.04705366,0.5660928,0.188704,0.1885325
2069,0.0001022581,0.000102089,0.009473297,0.04721762,0.5659818,0.1885044,0.1886186
2070,0.0001018016,0.0001021526,0.009428889,0.04722826,0.5655966,0.1888162,0.188726
2071,0.0001017962,0.0001015581,0.009393364,0.0470155,0.5660982,0.188764,0.1885256
2072,0.0001023416,0.0001019618,0.00947598,0.04717405,0.5662317,0.1883593,0.1885547
2073,0.0001018967,0.0001023533,0.009450291,0.04730212,0.5655171,0.1887522,0.188774
2074,0.0001016208,0.0001015614,0.00937279,0.04701201,0.565866,0.1889805,0.1885655
2075,0.0001023909,0.0001017511,0.009468301,0.0471001,0.5663915,0.1883582,0.1884777
2076,0.0001020748,0.0001025295,0.009481843,0.04736963,0.5655965,0.1885545,0.1887929
2077,0.0001014038,0.0001016436,0.0093553,0.04703518,0.5657009,0.1890758,0.1886297
2078,0.0001023484,0.0001014592,0.00944461,0.04699414,0.5665526,0.1884147,0.1883902
2079,0.0001023818,0.0001026984,0.009523536,0.04743797,0.5656371,0.1884035,0.1887929
2080,0.0001012205,0.0001018892,0.009350367,0.04711784,0.5653462,0.1892347,0.1887478
2081,0.0001021386,0.000101056,0.009399047,0.0468439,0.5667638,0.1884998,0.1882903
2082,0.0001027704,0.0001027188,0.009567308,0.04745473,0.5660002,0.1880541,0.1887183
2083,0.0001011501,0.000102363,0.009369197,0.04728417,0.5648906,0.189332,0.1889205
2084,0.0001017476,0.0001006767,0.009332324,0.04669729,0.5666613,0.1888664,0.1882403
2085,0.0001032075,0.0001025031,0.009601827,0.04738853,0.5665197,0.1877237,0.1885606
2086,0.0001012727,0.0001030132,0.009422029,0.04751793,0.5645835,0.1891677,0.1891045
2087,0.0001011229,0.0001003938,0.009248069,0.04657799,0.5664213,0.1892946,0.1882565
2088,0.0001035965,0.0001019845,0.009609698,0.04721158,0.5671724,0.1874842,0.1883165
2089,0.0001017389,0.0001038518,0.009520296,0.04782726,0.5642833,0.188878,0.1892855
2090,0.0001003126,0.000100384,0.009160857,0.04655077,0.5657988,0.1898893,0.1883995
2091,0.0001037423,0.0001010295,0.009566232,0.04687037,0.5680882,0.187304,0.1879664
2092,0.0001026242,0.000104697,0.009665555,0.04814816,0.5644379,0.1881735,0.1893675
2093,9.946205E-05,0.0001009208,0.009097966,0.04671493,0.5646462,0.1906023,0.1887382
2094,0.0001034557,9.970352E-05,0.009449493,0.0463829,0.5688158,0.187571,0.1875776
2095,0.0001039716,0.0001052593,0.009846372,0.04837909,0.5652104,0.1871037,0.1892512
2096,9.879919E-05,0.0001021914,0.009097165,0.04714028,0.5632266,0.1910579,0.189277
2097,0.00010247,9.813802E-05,0.009242814,0.04578748,0.5692649,0.1882882,0.187216
2098,0.0001057188,0.0001051942,0.01003002,0.04839374,0.566673,0.1858381,0.1888542
2099,9.87504E-05,0.0001044405,0.009210525,0.04792058,0.5615061,0.1911538,0.1900058
2100,0.0001005879,9.667288E-05,0.008950182,0.04519957,0.5690125,0.1896228,0.1870177
2101,0.0001075396,0.000103967,0.01014871,0.04798969,0.569129,0.1844392,0.1880819
2102,9.981685E-05,0.0001076577,0.00949239,0.04905891,0.5601846,0.1903099,0.1907467
2103,9.785176E-05,9.603342E-05,0.008615614,0.04487421,0.5673667,0.1917183,0.1872313
2104,0.0001088437,0.0001012045,0.01010204,0.04701402,0.5721026,0.1835957,0.1869756
2105,0.0001025051,0.0001113033,0.009979702,0.05037744,0.5602823,0.1880281,0.1911186
2106,9.472586E-05,9.725478E-05,0.008339718,0.04517474,0.5640793,0.1940771,0.1881371
2107,0.0001085912,9.685798E-05,0.009769423,0.04541634,0.574957,0.1839655,0.1856864
2108,0.0001071018,0.000114046,0.01064492,0.05142549,0.5627888,0.1842875,0.190632
2109,9.284706E-05,0.0001021543,0.008329782,0.04667896,0.5597268,0.1953619,0.1897076
2110,0.0001052879,9.205168E-05,0.009098772,0.04362872,0.5749022,0.1870346,0.1851383
2111,0.0001116254,0.0001108819,0.01109147,0.05057377,0.5678988,0.1810482,0.1891653
2112,9.410598E-05,0.0001090915,0.008820052,0.04906478,0.5573162,0.1934237,0.191172
2113,9.979948E-05,9.121662E-05,0.008408201,0.04303068,0.5724893,0.1905474,0.1853334
2114,0.0001137575,0.0001052714,0.01097929,0.04864405,0.5722921,0.1803091,0.1875564
2115,9.833748E-05,0.0001143169,0.009614752,0.05109279,0.5569115,0.1902193,0.191949
2116,9.492601E-05,9.336032E-05,0.008010024,0.04354184,0.5683618,0.193532,0.186366
2117,0.0001128476,9.90488E-05,0.01043099,0.04636924,0.575486,0.181325,0.1861769
2118,0.0001038887,0.0001162565,0.01042916,0.05206864,0.5593787,0.1862189,0.1916844
2119,9.213641E-05,9.829057E-05,0.007986859,0.04512683,0.563287,0.1953518,0.1880571
